1	1	0.5	0.24	1587648602093881	-1	-1	1
2	1.5	0.75	0.36	1587648602103691	1587648602104891	1200	0
3	2	1	0.48	1587648602113748	1587648602114962	1214	0
4	2.5	1.25	0.6	1587648602123972	1587648602125116	1144	0
5	3	1.5	0.72	1587648602134078	1587648602135221	1143	0
6	3.5	1.75	0.84	1587648602144316	1587648602145438	1122	0
7	4	2	0.96	1587648602154459	1587648602155594	1135	0
8	4.5	2.25	1.08	1587648602164619	1587648602165734	1115	0
9	5	2.5	1.2	1587648602174792	1587648602175946	1154	0
10	5.5	2.75	1.32	1587648602184959	1587648602186072	1113	0
11	6	3	1.44	1587648602195130	1587648602196277	1147	0
12	6.5	3.25	1.56	1587648602205290	1587648602206414	1124	0
13	7	3.5	1.68	1587648602215451	1587648602216592	1141	0
14	7.5	3.75	1.8	1587648602225640	1587648602226764	1124	0
15	8	4	1.92	1587648602235785	1587648602236926	1141	0
16	8.5	4.25	2.04	1587648602245922	1587648602247097	1175	0
17	9	4.5	2.16	1587648602256125	1587648602257263	1138	0
18	9.5	4.75	2.28	1587648602266308	1587648602267443	1135	0
19	10	5	2.4	1587648602276466	1587648602277618	1152	0
20	10.5	5.25	2.52	1587648602286635	1587648602287771	1136	0
21	11	5.5	2.64	1587648602296806	1587648602297948	1142	0
22	11.5	5.75	2.76	1587648602306979	1587648602308114	1135	0
23	12	6	2.88	1587648602317154	1587648602318276	1122	0
24	12.5	6.25	3	1587648602327326	1587648602328454	1128	0
25	13	6.5	3.12	1587648602337393	1587648602338526	1133	0
26	13.5	6.75	3.24	1587648602347649	1587648602348786	1137	0
27	14	7	3.36	1587648602357770	1587648602358956	1186	0
28	14.5	7.25	3.48	1587648602367992	1587648602369128	1136	0
29	15	7.5	3.6	1587648602378123	1587648602379264	1141	0
30	15.5	7.75	3.72	1587648602388345	1587648602389461	1116	0
31	16	8	3.84	1587648602398493	1587648602399629	1136	0
32	16.5	8.25	3.96	1587648602408668	1587648602409810	1142	0
33	17	8.5	4.08	1587648602418835	1587648602419974	1139	0
34	17.5	8.75	4.2	1587648602429008	1587648602430110	1102	0
35	18	9	4.32	1587648602439170	1587648602440316	1146	0
36	18.5	9.25	4.44	1587648602449339	1587648602450469	1130	0
37	19	9.5	4.56	1587648602459493	1587648602460632	1139	0
38	19.5	9.75	4.68	1587648602469698	1587648602470801	1103	0
39	20	10	4.8	1587648602479836	1587648602480971	1135	0
40	20.5	10.25	4.92	1587648602489988	1587648602491130	1142	0
41	21	10.5	5.04	1587648602500167	1587648602501308	1141	0
42	21.5	10.75	5.16	1587648602510267	1587648602511404	1137	0
43	22	11	5.28	1587648602520493	1587648602521629	1136	0
44	22.5	11.25	5.4	1587648602530626	1587648602531788	1162	0
45	23	11.5	5.52	1587648602540825	1587648602541930	1105	0
46	23.5	11.75	5.64	1587648602551024	1587648602552161	1137	0
47	24	12	5.76	1587648602561186	1587648602562307	1121	0
48	24.5	12.25	5.88	1587648602571347	1587648602572454	1107	0
49	25	12.5	6	1587648602581524	1587648602582659	1135	0
50	25.5	12.75	6.12	1587648602591687	1587648602592824	1137	0
51	26	13	6.24	1587648602601791	1587648602602994	1203	0
52	26.5	13.25	6.36	1587648602612027	1587648602613157	1130	0
53	27	13.5	6.48	1587648602622136	1587648602623264	1128	0
54	27.5	13.75	6.6	1587648602632379	1587648602633511	1132	0
55	28	14	6.72	1587648602642538	1587648602643673	1135	0
56	28.5	14.25	6.84	1587648602652703	1587648602653833	1130	0
57	29	14.5	6.96	1587648602662876	1587648602664011	1135	0
58	29.5	14.75	7.08	1587648602673065	1587648602674142	1077	0
59	30	15	7.2	1587648602683210	1587648602684322	1112	0
60	30.5	15.25	7.32	1587648602693385	1587648602694488	1103	0
61	31	15.5	7.44	1587648602703437	1587648602704609	1172	0
62	31.5	15.75	7.56	1587648602713741	1587648602714811	1070	0
63	32	16	7.68	1587648602723824	1587648602724928	1104	0
64	32.5	16.25	7.8	1587648602733982	1587648602735117	1135	0
65	33	16.5	7.92	1587648602744210	1587648602745322	1112	0
66	33.5	16.75	8.04	1587648602754368	1587648602755476	1108	0
67	34	17	8.16	1587648602764527	1587648602765644	1117	0
68	34.5	17.25	8.28	1587648602774696	1587648602775808	1112	0
69	35	17.5	8.4	1587648602784869	1587648602785942	1073	0
70	35.5	17.75	8.52	1587648602795051	1587648602796146	1095	0
71	36	18	8.64	1587648602805205	1587648602806304	1099	0
72	36.5	18.25	8.76	1587648602815368	1587648602816474	1106	0
73	37	18.5	8.88	1587648602825532	1587648602826655	1123	0
74	37.5	18.75	9	1587648602835703	1587648602836812	1109	0
75	38	19	9.12	1587648602845856	1587648602847011	1155	0
76	38.5	19.25	9.24	1587648602856040	1587648602857149	1109	0
77	39	19.5	9.36	1587648602866163	1587648602867272	1109	0
78	39.5	19.75	9.48	1587648602876392	1587648602877498	1106	0
79	40	20	9.6	1587648602886543	1587648602887654	1111	0
80	40.5	20.25	9.72	1587648602896713	1587648602897831	1118	0
81	41	20.5	9.84	1587648602906898	1587648602908007	1109	0
82	41.5	20.75	9.96	1587648602917059	1587648602918137	1078	0
83	42	21	10.08	1587648602927232	1587648602928337	1105	0
84	42.5	21.25	10.2	1587648602937389	1587648602938492	1103	0
85	43	21.5	10.32	1587648602947561	1587648602948672	1111	0
86	43.5	21.75	10.44	1587648602957707	1587648602958841	1134	0
87	44	22	10.56	1587648602967920	1587648602969031	1111	0
88	44.5	22.25	10.68	1587648602978043	1587648602979154	1111	0
89	45	22.5	10.8	1587648602988262	1587648602989376	1114	0
90	45.5	22.75	10.92	1587648602998418	1587648602999524	1106	0
91	46	23	11.04	1587648603008594	1587648603009713	1119	0
92	46.5	23.25	11.16	1587648603018734	1587648603019877	1143	0
93	47	23.5	11.28	1587648603028934	1587648603030008	1074	0
94	47.5	23.75	11.4	1587648603039080	1587648603040177	1097	0
95	48	24	11.52	1587648603049264	1587648603050322	1058	0
96	48.5	24.25	11.64	1587648603059462	1587648603060520	1058	0
97	49	24.5	11.76	1587648603069638	1587648603070710	1072	0
98	49.5	24.75	11.88	1587648603079797	1587648603080909	1112	0
99	50	25	12	1587648603089933	1587648603091070	1137	0
100	50.5	25.25	12.12	1587648603100145	1587648603101251	1106	0
101	51	25.5	12.24	1587648603110242	1587648603111352	1110	0
102	51.5	25.75	12.36	1587648603120477	1587648603121602	1125	0
103	52	26	12.48	1587648603130643	1587648603131752	1109	0
104	52.5	26.25	12.6	1587648603140813	1587648603141906	1093	0
105	53	26.5	12.72	1587648603150989	1587648603152090	1101	0
106	53.5	26.75	12.84	1587648603161150	1587648603162248	1098	0
107	54	27	12.96	1587648603171321	1587648603172425	1104	0
108	54.5	27.25	13.08	1587648603181485	1587648603182597	1112	0
109	55	27.5	13.2	1587648603191656	1587648603192762	1106	0
110	55.5	27.75	13.32	1587648603201769	1587648603202927	1158	0
111	56	28	13.44	1587648603211957	1587648603213066	1109	0
112	56.5	28.25	13.56	1587648603222078	1587648603223174	1096	0
113	57	28.5	13.68	1587648603232315	1587648603233423	1108	0
114	57.5	28.75	13.8	1587648603242475	1587648603243589	1114	0
115	58	29	13.92	1587648603252619	1587648603253718	1099	0
116	58.5	29.25	14.04	1587648603262773	1587648603263906	1133	0
117	59	29.5	14.16	1587648603272984	1587648603274020	1036	0
118	59.5	29.75	14.28	1587648603283100	1587648603284188	1088	0
119	60	30	14.4	1587648603293264	1587648603294306	1042	0
120	60.5	30.25	14.52	1587648603304472	1587648603305625	1153	0
121	61	30.5	14.64	1587648603313634	1587648603314717	1083	0
122	61.5	30.75	14.76	1587648603323755	1587648603324874	1119	0
123	62	31	14.88	1587648603333959	1587648603335087	1128	0
124	62.5	31.25	15	1587648603344115	1587648603345229	1114	0
125	63	31.5	15.12	1587648603354270	1587648603355352	1082	0
126	63.5	31.75	15.24	1587648603364452	1587648603365589	1137	0
127	64	32	15.36	1587648603374619	1587648603375734	1115	0
128	64.5	32.25	15.48	1587648603384790	1587648603385855	1065	0
129	65	32.5	15.6	1587648603394962	1587648603396070	1108	0
130	65.5	32.75	15.72	1587648603405704	1587648603406828	1124	0
131	66	33	15.84	1587648603415316	1587648603416459	1143	0
132	66.5	33.25	15.96	1587648603425491	1587648603426598	1107	0
133	67	33.5	16.08	1587648603435665	1587648603436785	1120	0
134	67.5	33.75	16.2	1587648603445791	1587648603446937	1146	0
135	68	34	16.32	1587648603455988	1587648603457100	1112	0
136	68.5	34.25	16.44	1587648603466123	1587648603467233	1110	0
137	69	34.5	16.56	1587648603476321	1587648603477469	1148	0
138	69.5	34.75	16.68	1587648603486480	1587648603487574	1094	0
139	70	35	16.8	1587648603496647	1587648603497711	1064	0
140	70.5	35.25	16.92	1587648603506910	1587648603508016	1106	0
141	71	35.5	17.04	1587648603516971	1587648603518057	1086	0
142	71.5	35.75	17.16	1587648603527139	1587648603528258	1119	0
143	72	36	17.28	1587648603537311	1587648603538412	1101	0
144	72.5	36.25	17.4	1587648603547468	1587648603548581	1113	0
145	73	36.5	17.52	1587648603557589	1587648603558719	1130	0
146	73.5	36.75	17.64	1587648603567768	1587648603568869	1101	0
147	74	37	17.76	1587648603577862	1587648603579003	1141	0
148	74.5	37.25	17.88	1587648603588043	1587648603589149	1106	0
149	75	37.5	18	1587648603598150	1587648603599266	1116	0
150	75.5	37.75	18.12	1587648603608347	1587648603609461	1114	0
151	76	38	18.24	1587648603618448	1587648603619588	1140	0
152	76.5	38.25	18.36	1587648603628602	1587648603629716	1114	0
153	77	38.5	18.48	1587648603638750	1587648603639855	1105	0
154	77.5	38.75	18.6	1587648603648891	1587648603649963	1072	0
155	78	39	18.72	1587648603659064	1587648603660126	1062	0
156	78.5	39.25	18.84	1587648603669189	1587648603670280	1091	0
157	79	39.5	18.96	1587648603679382	1587648603680490	1108	0
158	79.5	39.75	19.08	1587648603689489	1587648603690587	1098	0
159	80	40	19.2	1587648603699676	1587648603700780	1104	0
160	80.5	40.25	19.32	1587648603709774	1587648603710901	1127	0
161	81	40.5	19.44	1587648603719965	1587648603721073	1108	0
162	81.5	40.75	19.56	1587648603729987	1587648603731156	1169	0
163	82	41	19.68	1587648603740265	1587648603741380	1115	0
164	82.5	41.25	19.8	1587648603750381	1587648603751483	1102	0
165	83	41.5	19.92	1587648603760530	1587648603761645	1115	0
166	83.5	41.75	20.04	1587648603770683	1587648603771784	1101	0
167	84	42	20.16	1587648603780851	1587648603781927	1076	0
168	84.5	42.25	20.28	1587648603791016	1587648603792128	1112	0
169	85	42.5	20.4	1587648603801755	1587648603802933	1178	0
170	85.5	42.75	20.52	1587648603812138	1587648603813260	1122	0
171	86	43	20.64	1587648603822306	1587648603823409	1103	0
172	86.5	43.25	20.76	1587648603832484	1587648603833607	1123	0
173	87	43.5	20.88	1587648603842643	1587648603843761	1118	0
174	87.5	43.75	21	1587648603852803	1587648603853931	1128	0
175	88	44	21.12	1587648603862960	1587648603864079	1119	0
176	88.5	44.25	21.24	1587648603873134	1587648603874224	1090	0
177	89	44.5	21.36	1587648603883263	1587648603884421	1158	0
178	89.5	44.75	21.48	1587648603893455	1587648603894564	1109	0
179	90	45	21.6	1587648603903630	1587648603904732	1102	0
180	90.5	45.25	21.72	1587648603913767	1587648603914902	1135	0
181	91	45.5	21.84	1587648603923961	1587648603925066	1105	0
182	91.5	45.75	21.96	1587648603933998	1587648603935178	1180	0
183	92	46	22.08	1587648603944280	1587648603945400	1120	0
184	92.5	46.25	22.2	1587648603954450	1587648603955528	1078	0
185	93	46.5	22.32	1587648603964621	1587648603965740	1119	0
186	93.5	46.75	22.44	1587648603974779	1587648603975888	1109	0
187	94	47	22.56	1587648603984942	1587648603986021	1079	0
188	94.5	47.25	22.68	1587648603995117	1587648603996198	1081	0
189	95	47.5	22.8	1587648604005276	1587648604006347	1071	0
190	95.5	47.75	22.92	1587648604015448	1587648604016542	1094	0
191	96	48	23.04	1587648604025622	1587648604026745	1123	0
192	96.5	48.25	23.16	1587648604035756	1587648604036868	1112	0
193	97	48.5	23.28	1587648604045930	1587648604047030	1100	0
194	97.5	48.75	23.4	1587648604056040	1587648604057142	1102	0
195	98	49	23.52	1587648604066018	1587648604067225	1207	0
196	98.5	49.25	23.64	1587648604076358	1587648604077424	1066	0
197	99	49.5	23.76	1587648604086515	1587648604087622	1107	0
198	99.5	49.75	23.88	1587648604096648	1587648604097778	1130	0
199	100	50	24	1587648604106797	1587648604107911	1114	0
200	100.5	50.25	24.12	1587648604116959	1587648604118038	1079	0
201	101	50.5	24.24	1587648604127115	1587648604128203	1088	0
202	101.5	50.75	24.36	1587648604137270	1587648604138353	1083	0
203	102	51	24.48	1587648604147410	1587648604148526	1116	0
204	102.5	51.25	24.6	1587648604157579	1587648604158680	1101	0
205	103	51.5	24.72	1587648604167732	1587648604168813	1081	0
206	103.5	51.75	24.84	1587648604177903	1587648604179013	1110	0
207	104	52	24.96	1587648604188049	1587648604189157	1108	0
208	104.5	52.25	25.08	1587648604198043	1587648604199257	1214	0
209	105	52.5	25.2	1587648604208346	1587648604209459	1113	0
210	105.5	52.75	25.32	1587648604218473	1587648604219590	1117	0
211	106	53	25.44	1587648604228634	1587648604229766	1132	0
212	106.5	53.25	25.56	1587648604238801	1587648604239916	1115	0
213	107	53.5	25.68	1587648604248963	1587648604250043	1080	0
214	107.5	53.75	25.8	1587648604259114	1587648604260229	1115	0
215	108	54	25.92	1587648604269289	1587648604270387	1098	0
216	108.5	54.25	26.04	1587648604279440	1587648604280559	1119	0
217	109	54.5	26.16	1587648604289545	1587648604290678	1133	0
218	109.5	54.75	26.28	1587648604299738	1587648604301648	1910	0
219	110	55	26.4	1587648604309847	1587648604311015	1168	0
220	110.5	55.25	26.52	1587648604320041	1587648604321162	1121	0
221	111	55.5	26.64	1587648604330082	1587648604331290	1208	0
222	111.5	55.75	26.76	1587648604340373	1587648604341457	1084	0
223	112	56	26.88	1587648604350498	1587648604351619	1121	0
224	112.5	56.25	27	1587648604360659	1587648604361753	1094	0
225	113	56.5	27.12	1587648604370837	1587648604371952	1115	0
226	113.5	56.75	27.24	1587648604380995	1587648604382077	1082	0
227	114	57	27.36	1587648604391161	1587648604392280	1119	0
228	114.5	57.25	27.48	1587648604401218	1587648604402394	1176	0
229	115	57.5	27.6	1587648604411480	1587648604412593	1113	0
230	115.5	57.75	27.72	1587648604421636	1587648604422759	1123	0
231	116	58	27.84	1587648604431842	1587648604432922	1080	0
232	116.5	58.25	27.96	1587648604441869	1587648604443082	1213	0
233	117	58.5	28.08	1587648604452145	1587648604453272	1127	0
234	117.5	58.75	28.2	1587648604462120	1587648604463338	1218	0
235	118	59	28.32	1587648604472457	1587648604473589	1132	0
236	118.5	59.25	28.44	1587648604482652	1587648604483781	1129	0
237	119	59.5	28.56	1587648604492814	1587648604493910	1096	0
238	119.5	59.75	28.68	1587648604502986	1587648604504086	1100	0
239	120	60	28.8	1587648604513143	1587648604514249	1106	0
240	120.5	60.25	28.92	1587648604523312	1587648604524429	1117	0
241	121	60.5	29.04	1587648604533463	1587648604534604	1141	0
242	121.5	60.75	29.16	1587648604543648	1587648604544766	1118	0
243	122	61	29.28	1587648604553775	1587648604554941	1166	0
244	122.5	61.25	29.4	1587648604563985	1587648604565103	1118	0
245	123	61.5	29.52	1587648604574106	1587648604575240	1134	0
246	123.5	61.75	29.64	1587648604584329	1587648604585436	1107	0
247	124	62	29.76	1587648604594487	1587648604595602	1115	0
248	124.5	62.25	29.88	1587648604604658	1587648604605772	1114	0
249	125	62.5	30	1587648604614827	1587648604615940	1113	0
250	125.5	62.75	30.12	1587648604624995	1587648604626075	1080	0
251	126	63	30.24	1587648604635159	1587648604636271	1112	0
252	126.5	63.25	30.36	1587648604645333	1587648604646425	1092	0
253	127	63.5	30.48	1587648604655493	1587648604656602	1109	0
254	127.5	63.75	30.6	1587648604665666	1587648604666765	1099	0
255	128	64	30.72	1587648604675852	1587648604676953	1101	0
256	128.5	64.25	30.84	1587648604685931	1587648604687037	1106	0
257	129	64.5	30.96	1587648604696152	1587648604697200	1048	0
258	129.5	64.75	31.08	1587648604706203	1587648604707335	1132	0
259	130	65	31.2	1587648604716429	1587648604717524	1095	0
260	130.5	65.25	31.32	1587648604726528	1587648604727642	1114	0
261	131	65.5	31.44	1587648604736684	1587648604737812	1128	0
262	131.5	65.75	31.56	1587648604746808	1587648604747925	1117	0
263	132	66	31.68	1587648604756943	1587648604758029	1086	0
264	132.5	66.25	31.8	1587648604767133	1587648604768245	1112	0
265	133	66.5	31.92	1587648604777325	1587648604778379	1054	0
266	133.5	66.75	32.04	1587648604787491	1587648604788566	1075	0
267	134	67	32.16	1587648604797621	1587648604798688	1067	0
268	134.5	67.25	32.28	1587648604807789	1587648604808866	1077	0
269	135	67.5	32.4	1587648604817962	1587648604818984	1022	0
270	135.5	67.75	32.52	1587648604828101	1587648604829189	1088	0
271	136	68	32.64	1587648604838274	1587648604839368	1094	0
272	136.5	68.25	32.76	1587648604848450	1587648604849579	1129	0
273	137	68.5	32.88	1587648604858620	1587648604859730	1110	0
274	137.5	68.75	33	1587648604868788	1587648604869905	1117	0
275	138	69	33.12	1587648604878955	1587648604880065	1110	0
276	138.5	69.25	33.24	1587648604889138	1587648604890231	1093	0
277	139	69.5	33.36	1587648604899289	1587648604900397	1108	0
278	139.5	69.75	33.48	1587648604909429	1587648604910550	1121	0
279	140	70	33.6	1587648604919608	1587648604920719	1111	0
280	140.5	70.25	33.72	1587648604929725	1587648604930874	1149	0
281	141	70.5	33.84	1587648604939852	1587648604940986	1134	0
282	141.5	70.75	33.96	1587648604949864	1587648604951076	1212	0
283	142	71	34.08	1587648604960117	1587648604961244	1127	0
284	142.5	71.25	34.2	1587648604970108	1587648604971295	1187	0
285	143	71.5	34.32	1587648604980440	1587648604981546	1106	0
286	143.5	71.75	34.44	1587648604990600	1587648604991701	1101	0
287	144	72	34.56	1587648605000694	1587648605001859	1165	0
288	144.5	72.25	34.68	1587648605010860	1587648605011999	1139	0
289	145	72.5	34.8	1587648605021008	-1	-1	1
290	145.5	72.75	34.92	1587648605031123	1587648605032252	1129	0
291	146	73	35.04	1587648605041330	1587648605042441	1111	0
292	146.5	73.25	35.16	1587648605051502	1587648605052617	1115	0
293	147	73.5	35.28	1587648605061671	1587648605062794	1123	0
294	147.5	73.75	35.4	1587648605071848	1587648605072961	1113	0
295	148	74	35.52	1587648605081945	1587648605083098	1153	0
296	148.5	74.25	35.64	1587648605092163	1587648605093287	1124	0
297	149	74.5	35.76	1587648605102319	1587648605103437	1118	0
298	149.5	74.75	35.88	1587648605112504	1587648605113621	1117	0
299	150	75	36	1587648605122635	1587648605124839	2204	0
300	150.5	75.25	36.12	1587648605132804	1587648605133856	1052	0
301	151	75.5	36.24	1587648605142965	1587648605144008	1043	0
302	151.5	75.75	36.36	1587648605153139	1587648605154155	1016	0
303	152	76	36.48	1587648605163303	1587648605164340	1037	0
304	152.5	76.25	36.6	1587648605173482	1587648605174502	1020	0
305	153	76.5	36.72	1587648605183619	1587648605184658	1039	0
306	153.5	76.75	36.84	1587648605193761	1587648605194830	1069	0
307	154	77	36.96	1587648605203950	1587648605204987	1037	0
308	154.5	77.25	37.08	1587648605214093	1587648605215136	1043	0
309	155	77.5	37.2	1587648605225060	1587648605226090	1030	0
310	155.5	77.75	37.32	1587648605234402	1587648605235439	1037	0
311	156	78	37.44	1587648605244599	1587648605245638	1039	0
312	156.5	78.25	37.56	1587648605254783	1587648605255820	1037	0
313	157	78.5	37.68	1587648605264963	1587648605265963	1000	0
314	157.5	78.75	37.8	1587648605275120	1587648605276163	1043	0
315	158	79	37.92	1587648605285291	1587648605286313	1022	0
316	158.5	79.25	38.04	1587648605295464	1587648605296507	1043	0
317	159	79.5	38.16	1587648605305641	1587648605306678	1037	0
318	159.5	79.75	38.28	1587648605315798	1587648605316833	1035	0
319	160	80	38.4	1587648605326210	1587648605327260	1050	0
320	160.5	80.25	38.52	1587648605336140	1587648605337184	1044	0
321	161	80.5	38.64	1587648605346274	1587648605347314	1040	0
322	161.5	80.75	38.76	1587648605356468	1587648605357504	1036	0
323	162	81	38.88	1587648605366666	1587648605367706	1040	0
324	162.5	81.25	39	1587648605376809	1587648605377883	1074	0
325	163	81.5	39.12	1587648605386986	1587648605388043	1057	0
326	163.5	81.75	39.24	1587648605397141	1587648605398189	1048	0
327	164	82	39.36	1587648605407311	1587648605408384	1073	0
328	164.5	82.25	39.48	1587648605417486	1587648605418562	1076	0
329	165	82.5	39.6	1587648605427554	1587648605428645	1091	0
330	165.5	82.75	39.72	1587648605437814	1587648605438890	1076	0
331	166	83	39.84	1587648605447991	1587648605449062	1071	0
332	166.5	83.25	39.96	1587648605458137	1587648605459203	1066	0
333	167	83.5	40.08	1587648605468331	1587648605469402	1071	0
334	167.5	83.75	40.2	1587648605478489	1587648605479559	1070	0
335	168	84	40.32	1587648605488620	1587648605489743	1123	0
336	168.5	84.25	40.44	1587648605498810	1587648605499880	1070	0
337	169	84.5	40.56	1587648605508980	1587648605510007	1027	0
338	169.5	84.75	40.68	1587648605519133	1587648605520208	1075	0
339	170	85	40.8	1587648605529302	1587648605530365	1063	0
340	170.5	85.25	40.92	1587648605539481	1587648605540538	1057	0
341	171	85.5	41.04	1587648605549582	1587648605550641	1059	0
342	171.5	85.75	41.16	1587648605559758	1587648605560832	1074	0
343	172	86	41.28	1587648605569901	1587648605570999	1098	0
344	172.5	86.25	41.4	1587648605580052	1587648605581146	1094	0
345	173	86.5	41.52	1587648605590200	1587648605591234	1034	0
346	173.5	86.75	41.64	1587648605600362	1587648605601424	1062	0
347	174	87	41.76	1587648605610436	1587648605611530	1094	0
348	174.5	87.25	41.88	1587648605620664	1587648605621747	1083	0
349	175	87.5	42	1587648605630846	1587648605631926	1080	0
350	175.5	87.75	42.12	1587648605640967	1587648605641969	1002	0
351	176	88	42.24	1587648605651141	1587648605652228	1087	0
352	176.5	88.25	42.36	1587648605661301	1587648605662359	1058	0
353	177	88.5	42.48	1587648605671462	1587648605672571	1109	0
354	177.5	88.75	42.6	1587648605681660	1587648605682705	1045	0
355	178	89	42.72	1587648605691800	1587648605692870	1070	0
356	178.5	89.25	42.84	1587648605701966	1587648605703074	1108	0
357	179	89.5	42.96	1587648605712137	1587648605713246	1109	0
358	179.5	89.75	43.08	1587648605722262	1587648605723370	1108	0
359	180	90	43.2	1587648605732458	1587648605733606	1148	0
360	180.5	90.25	43.32	1587648605742621	1587648605743698	1077	0
361	181	90.5	43.44	1587648605752795	1587648605753874	1079	0
362	181.5	90.75	43.56	1587648605762957	1587648605764062	1105	0
363	182	91	43.68	1587648605773125	1587648605774199	1074	0
364	182.5	91.25	43.8	1587648605783302	1587648605784407	1105	0
365	183	91.5	43.92	1587648605793465	1587648605794571	1106	0
366	183.5	91.75	44.04	1587648605803631	1587648605804734	1103	0
367	184	92	44.16	1587648605813817	1587648605814904	1087	0
368	184.5	92.25	44.28	1587648605823978	1587648605825072	1094	0
369	185	92.5	44.4	1587648605834122	1587648605835249	1127	0
370	185.5	92.75	44.52	1587648605844319	1587648605845424	1105	0
371	186	93	44.64	1587648605854481	1587648605855587	1106	0
372	186.5	93.25	44.76	1587648605864644	1587648605865752	1108	0
373	187	93.5	44.88	1587648605874817	1587648605875918	1101	0
374	187.5	93.75	45	1587648605884988	1587648605886053	1065	0
375	188	94	45.12	1587648605895142	1587648605896245	1103	0
376	188.5	94.25	45.24	1587648605905321	1587648605906414	1093	0
377	189	94.5	45.36	1587648605915472	1587648605916576	1104	0
378	189.5	94.75	45.48	1587648605925651	1587648605926740	1089	0
379	190	95	45.6	1587648605935812	1587648605936927	1115	0
380	190.5	95.25	45.72	1587648605945972	1587648605947074	1102	0
381	191	95.5	45.84	1587648605956139	1587648605957250	1111	0
382	191.5	95.75	45.96	1587648605966267	1587648605967375	1108	0
383	192	96	46.08	1587648605976462	1587648605977574	1112	0
384	192.5	96.25	46.2	1587648605986596	1587648605987677	1081	0
385	193	96.5	46.32	1587648605996777	1587648605997885	1108	0
386	193.5	96.75	46.44	1587648606006919	1587648606008010	1091	0
387	194	97	46.56	1587648606017045	1587648606018118	1073	0
388	194.5	97.25	46.68	1587648606027240	1587648606028334	1094	0
389	195	97.5	46.8	1587648606037460	1587648606038546	1086	0
390	195.5	97.75	46.92	1587648606047631	1587648606048698	1067	0
391	196	98	47.04	1587648606057768	1587648606058823	1055	0
392	196.5	98.25	47.16	1587648606067879	1587648606068974	1095	0
393	197	98.5	47.28	1587648606078092	1587648606079150	1058	0
394	197.5	98.75	47.4	1587648606088243	1587648606089330	1087	0
395	198	99	47.52	1587648606098401	1587648606099498	1097	0
396	198.5	99.25	47.64	1587648606108626	1587648606109725	1099	0
397	199	99.5	47.76	1587648606118861	1587648606119941	1080	0
398	199.5	99.75	47.88	1587648606128990	1587648606130063	1073	0
399	200	100	48	1587648606139239	1587648606140340	1101	0
400	200.5	100.25	48.12	1587648606149317	1587648606150448	1131	0
401	201	100.5	48.24	1587648606159591	1587648606160646	1055	0
402	201.5	100.75	48.36	1587648606169762	1587648606170845	1083	0
403	202	101	48.48	1587648606179932	1587648606180986	1054	0
404	202.5	101.25	48.6	1587648606190030	1587648606191215	1185	0
405	203	101.5	48.72	1587648606200297	1587648606201376	1079	0
406	203.5	101.75	48.84	1587648606210431	1587648606211505	1074	0
407	204	102	48.96	1587648606220627	1587648606221698	1071	0
408	204.5	102.25	49.08	1587648606230701	1587648606231847	1146	0
409	205	102.5	49.2	1587648606240961	1587648606242040	1079	0
410	205.5	102.75	49.32	1587648606251055	1587648606252237	1182	0
411	206	103	49.44	1587648606261240	1587648606262348	1108	0
412	206.5	103.25	49.56	1587648606271520	1587648606272624	1104	0
413	207	103.5	49.68	1587648606281614	1587648606282746	1132	0
414	207.5	103.75	49.8	1587648606291885	1587648606292970	1085	0
415	208	104	49.92	1587648606301964	1587648606303052	1088	0
416	208.5	104.25	50.04	1587648606312112	1587648606313284	1172	0
417	209	104.5	50.16	1587648606322269	1587648606323404	1135	0
418	209.5	104.75	50.28	1587648606332453	1587648606333613	1160	0
419	210	105	50.4	1587648606342743	1587648606343831	1088	0
420	210.5	105.25	50.52	1587648606352900	1587648606353943	1043	0
421	211	105.5	50.64	1587648606363002	1587648606364156	1154	0
422	211.5	105.75	50.76	1587648606373203	1587648606374317	1114	0
423	212	106	50.88	1587648606383409	1587648606384543	1134	0
424	212.5	106.25	51	1587648606393711	1587648606394801	1090	0
425	213	106.5	51.12	1587648606403904	1587648606404991	1087	0
426	213.5	106.75	51.24	1587648606413992	1587648606415161	1169	0
427	214	107	51.36	1587648606424302	1587648606425391	1089	0
428	214.5	107.25	51.48	1587648606434424	1587648606435521	1097	0
429	215	107.5	51.6	1587648606444624	1587648606445756	1132	0
430	215.5	107.75	51.72	1587648606454792	1587648606455857	1065	0
431	216	108	51.84	1587648606464971	1587648606466032	1061	0
432	216.5	108.25	51.96	1587648606475166	1587648606476254	1088	0
433	217	108.5	52.08	1587648606485371	1587648606486478	1107	0
434	217.5	108.75	52.2	1587648606495541	1587648606496641	1100	0
435	218	109	52.32	1587648606505770	1587648606506819	1049	0
436	218.5	109.25	52.44	1587648606515962	1587648606517029	1067	0
437	219	109.5	52.56	1587648606526122	1587648606527213	1091	0
438	219.5	109.75	52.68	1587648606536343	1587648606537440	1097	0
439	220	110	52.8	1587648606546548	1587648606547656	1108	0
440	220.5	110.25	52.92	1587648606556737	1587648606557823	1086	0
441	221	110.5	53.04	1587648606566908	1587648606568024	1116	0
442	221.5	110.75	53.16	1587648606577119	1587648606578175	1056	0
443	222	111	53.28	1587648606587285	1587648606588379	1094	0
444	222.5	111.25	53.4	1587648606597477	1587648606598569	1092	0
445	223	111.5	53.52	1587648606607679	1587648606608785	1106	0
446	223.5	111.75	53.64	1587648606617846	1587648606618942	1096	0
447	224	112	53.76	1587648606628090	1587648606629157	1067	0
448	224.5	112.25	53.88	1587648606638239	1587648606639319	1080	0
449	225	112.5	54	1587648606648457	1587648606649549	1092	0
450	225.5	112.75	54.12	1587648606658644	1587648606659678	1034	0
451	226	113	54.24	1587648606668822	1587648606669884	1062	0
452	226.5	113.25	54.36	1587648606678998	1587648606680083	1085	0
453	227	113.5	54.48	1587648606689144	1587648606690199	1055	0
454	227.5	113.75	54.6	1587648606699308	1587648606700402	1094	0
455	228	114	54.72	1587648606709447	1587648606710528	1081	0
456	228.5	114.25	54.84	1587648606719617	1587648606720693	1076	0
457	229	114.5	54.96	1587648606729808	1587648606730871	1063	0
458	229.5	114.75	55.08	1587648606740937	1587648606741974	1037	0
459	230	115	55.2	1587648606750044	1587648606751176	1132	0
460	230.5	115.25	55.32	1587648606760320	1587648606761403	1083	0
461	231	115.5	55.44	1587648606770441	1587648606771512	1071	0
462	231.5	115.75	55.56	1587648606780619	1587648606781686	1067	0
463	232	116	55.68	1587648606790810	1587648606791902	1092	0
464	232.5	116.25	55.8	1587648606801645	1587648606802857	1212	0
465	233	116.5	55.92	1587648606811134	1587648606812240	1106	0
466	233.5	116.75	56.04	1587648606821282	1587648606822379	1097	0
467	234	117	56.16	1587648606831417	1587648606832513	1096	0
468	234.5	117.25	56.28	1587648606842029	1587648606843155	1126	0
469	235	117.5	56.4	1587648606851638	1587648606852723	1085	0
470	235.5	117.75	56.52	1587648606861800	1587648606862906	1106	0
471	236	118	56.64	1587648606871965	1587648606873054	1089	0
472	236.5	118.25	56.76	1587648606882109	1587648606883209	1100	0
473	237	118.5	56.88	1587648606892302	1587648606893413	1111	0
474	237.5	118.75	57	1587648606902463	1587648606903552	1089	0
475	238	119	57.12	1587648606912634	1587648606913741	1107	0
476	238.5	119.25	57.24	1587648606922771	1587648606923879	1108	0
477	239	119.5	57.36	1587648606932932	1587648606933999	1067	0
478	239.5	119.75	57.48	1587648606943187	1587648606944319	1132	0
479	240	120	57.6	1587648606953265	1587648606954353	1088	0
480	240.5	120.25	57.72	1587648606963432	1587648606964535	1103	0
481	241	120.5	57.84	1587648606973612	1587648606974704	1092	0
482	241.5	120.75	57.96	1587648606983775	1587648606984882	1107	0
483	242	121	58.08	1587648606993959	1587648606995062	1103	0
484	242.5	121.25	58.2	1587648607004140	1587648607005240	1100	0
485	243	121.5	58.32	1587648607014269	1587648607015371	1102	0
486	243.5	121.75	58.44	1587648607024426	1587648607025531	1105	0
487	244	122	58.56	1587648607034595	1587648607035701	1106	0
488	244.5	122.25	58.68	1587648607044725	1587648607045863	1138	0
489	245	122.5	58.8	1587648607054930	1587648607056030	1100	0
490	245.5	122.75	58.92	1587648607065097	1587648607066187	1090	0
491	246	123	59.04	1587648607075267	1587648607076389	1122	0
492	246.5	123.25	59.16	1587648607085442	1587648607086547	1105	0
493	247	123.5	59.28	1587648607095616	1587648607096723	1107	0
494	247.5	123.75	59.4	1587648607105783	1587648607106884	1101	0
495	248	124	59.52	1587648607115960	1587648607117068	1108	0
496	248.5	124.25	59.64	1587648607126112	1587648607127212	1100	0
497	249	124.5	59.76	1587648607136307	1587648607137415	1108	0
498	249.5	124.75	59.88	1587648607146475	1587648607147604	1129	0
499	250	125	60	1587648607156609	1587648607157719	1110	0
500	250.5	125.25	60.12	1587648607166740	1587648607167901	1161	0
501	251	125.5	60.24	1587648607176964	1587648607178036	1072	0
502	251.5	125.75	60.36	1587648607187120	1587648607188240	1120	0
503	252	126	60.48	1587648607197285	1587648607198380	1095	0
504	252.5	126.25	60.6	1587648607207454	1587648607208558	1104	0
505	253	126.5	60.72	1587648607217633	1587648607218725	1092	0
506	253.5	126.75	60.84	1587648607227791	1587648607228893	1102	0
507	254	127	60.96	1587648607237946	1587648607239045	1099	0
508	254.5	127.25	61.08	1587648607248119	1587648607249248	1129	0
509	255	127.5	61.2	1587648607258252	1587648607259408	1156	0
510	255.5	127.75	61.32	1587648607268502	1587648607269640	1138	0
511	256	128	61.44	1587648607278670	1587648607279799	1129	0
512	256.5	128.25	61.56	1587648607288844	1587648607289892	1048	0
513	257	128.5	61.68	1587648607299006	1587648607300138	1132	0
514	257.5	128.75	61.8	1587648607309179	1587648607310290	1111	0
515	258	129	61.92	1587648607319341	1587648607320476	1135	0
516	258.5	129.25	62.04	1587648607329499	1587648607330637	1138	0
517	259	129.5	62.16	1587648607339673	1587648607340812	1139	0
518	259.5	129.75	62.28	1587648607349776	1587648607351000	1224	0
519	260	130	62.4	1587648607359896	1587648607361137	1241	0
520	260.5	130.25	62.52	1587648607370021	1587648607371263	1242	0
521	261	130.5	62.64	1587648607380238	1587648607381447	1209	0
522	261.5	130.75	62.76	1587648607390423	1587648607391628	1205	0
523	262	131	62.88	1587648607400585	1587648607401801	1216	0
524	262.5	131.25	63	1587648607410739	1587648607411943	1204	0
525	263	131.5	63.12	1587648607420918	1587648607422088	1170	0
526	263.5	131.75	63.24	1587648607431091	1587648607432303	1212	0
527	264	132	63.36	1587648607441258	1587648607442463	1205	0
528	264.5	132.25	63.48	1587648607451436	1587648607452667	1231	0
529	265	132.5	63.6	1587648607461625	1587648607462811	1186	0
530	265.5	132.75	63.72	1587648607471778	1587648607472981	1203	0
531	266	133	63.84	1587648607481903	1587648607483132	1229	0
532	266.5	133.25	63.96	1587648607492106	1587648607493313	1207	0
533	267	133.5	64.08	1587648607502265	1587648607503471	1206	0
534	267.5	133.75	64.2	1587648607512436	1587648607513648	1212	0
535	268	134	64.32	1587648607522618	1587648607523830	1212	0
536	268.5	134.25	64.44	1587648607532775	1587648607533901	1126	0
537	269	134.5	64.56	1587648607542954	1587648607544160	1206	0
538	269.5	134.75	64.68	1587648607553117	1587648607554335	1218	0
539	270	135	64.8	1587648607563293	1587648607564499	1206	0
540	270.5	135.25	64.92	1587648607573459	1587648607574670	1211	0
541	271	135.5	65.04	1587648607583640	1587648607584844	1204	0
542	271.5	135.75	65.16	1587648607593782	1587648607595030	1248	0
543	272	136	65.28	1587648607603976	1587648607605163	1187	0
544	272.5	136.25	65.4	1587648607614147	1587648607615308	1161	0
545	273	136.5	65.52	1587648607624346	1587648607625517	1171	0
546	273.5	136.75	65.64	1587648607634471	1587648607635641	1170	0
547	274	137	65.76	1587648607644640	1587648607645784	1144	0
548	274.5	137.25	65.88	1587648607654828	1587648607656022	1194	0
549	275	137.5	66	1587648607664997	1587648607666142	1145	0
550	275.5	137.75	66.12	1587648607675163	1587648607676333	1170	0
551	276	138	66.24	1587648607685332	1587648607686502	1170	0
552	276.5	138.25	66.36	1587648607695489	1587648607696656	1167	0
553	277	138.5	66.48	1587648607705660	1587648607706824	1164	0
554	277.5	138.75	66.6	1587648607715836	1587648607717009	1173	0
555	278	139	66.72	1587648607725927	1587648607727124	1197	0
556	278.5	139.25	66.84	1587648607736166	1587648607737336	1170	0
557	279	139.5	66.96	1587648607746271	1587648607747439	1168	0
558	279.5	139.75	67.08	1587648607756452	1587648607757659	1207	0
559	280	140	67.2	1587648607766631	1587648607767802	1171	0
560	280.5	140.25	67.32	1587648607776804	1587648607777937	1133	0
561	281	140.5	67.44	1587648607786983	1587648607788155	1172	0
562	281.5	140.75	67.56	1587648607797135	1587648607798288	1153	0
563	282	141	67.68	1587648607807318	1587648607808488	1170	0
564	282.5	141.25	67.8	1587648607817481	1587648607818653	1172	0
565	283	141.5	67.92	1587648607827646	1587648607828819	1173	0
566	283.5	141.75	68.04	1587648607837824	1587648607838992	1168	0
567	284	142	68.16	1587648607847974	1587648607849144	1170	0
568	284.5	142.25	68.28	1587648607858040	1587648607859267	1227	0
569	285	142.5	68.4	1587648607868324	1587648607869493	1169	0
570	285.5	142.75	68.52	1587648607878483	1587648607879652	1169	0
571	286	143	68.64	1587648607888650	1587648607889834	1184	0
572	286.5	143.25	68.76	1587648607898829	1587648607900003	1174	0
573	287	143.5	68.88	1587648607908996	1587648607910136	1140	0
574	287.5	143.75	69	1587648607919166	1587648607920335	1169	0
575	288	144	69.12	1587648607929335	1587648607930508	1173	0
576	288.5	144.25	69.24	1587648607939500	1587648607940672	1172	0
577	289	144.5	69.36	1587648607949672	1587648607950842	1170	0
578	289.5	144.75	69.48	1587648607959841	1587648607961038	1197	0
579	290	145	69.6	1587648607969921	1587648607971123	1202	0
580	290.5	145.25	69.72	1587648607980179	1587648607981352	1173	0
581	291	145.5	69.84	1587648607990338	1587648607991508	1170	0
582	291.5	145.75	69.96	1587648608000503	1587648608001694	1191	0
583	292	146	70.08	1587648608010680	1587648608011856	1176	0
584	292.5	146.25	70.2	1587648608020850	1587648608021964	1114	0
585	293	146.5	70.32	1587648608031015	1587648608032161	1146	0
586	293.5	146.75	70.44	1587648608041189	1587648608042347	1158	0
587	294	147	70.56	1587648608051355	1587648608052527	1172	0
588	294.5	147.25	70.68	1587648608061521	1587648608062718	1197	0
589	295	147.5	70.8	1587648608071694	1587648608072868	1174	0
590	295.5	147.75	70.92	1587648608081841	1587648608083048	1207	0
591	296	148	71.04	1587648608092029	1587648608093200	1171	0
592	296.5	148.25	71.16	1587648608102123	1587648608103313	1190	0
593	297	148.5	71.28	1587648608112375	1587648608113545	1170	0
594	297.5	148.75	71.4	1587648608122541	1587648608123711	1170	0
595	298	149	71.52	1587648608132711	1587648608133867	1156	0
596	298.5	149.25	71.64	1587648608142892	1587648608144060	1168	0
597	299	149.5	71.76	1587648608153061	1587648608154211	1150	0
598	299.5	149.75	71.88	1587648608163223	1587648608164422	1199	0
599	300	150	72	1587648608173395	1587648608174566	1171	0
600	300.5	150.25	72.12	1587648608183584	1587648608184760	1176	0
601	301	150.5	72.24	1587648608193733	1587648608194936	1203	0
602	301.5	150.75	72.36	1587648608203929	1587648608205102	1173	0
603	302	151	72.48	1587648608214019	1587648608215227	1208	0
604	302.5	151.25	72.6	1587648608224258	1587648608225432	1174	0
605	303	151.5	72.72	1587648608234425	1587648608235597	1172	0
606	303.5	151.75	72.84	1587648608244593	1587648608245778	1185	0
607	304	152	72.96	1587648608254764	1587648608255931	1167	0
608	304.5	152.25	73.08	1587648608264930	1587648608266093	1163	0
609	305	152.5	73.2	1587648608275096	1587648608276266	1170	0
610	305.5	152.75	73.32	1587648608285266	1587648608286438	1172	0
611	306	153	73.44	1587648608295436	1587648608296605	1169	0
612	306.5	153.25	73.56	1587648608305638	1587648608306783	1145	0
613	307	153.5	73.68	1587648608315779	1587648608316950	1171	0
614	307.5	153.75	73.8	1587648608325901	1587648608327097	1196	0
615	308	154	73.92	1587648608336116	1587648608337289	1173	0
616	308.5	154.25	74.04	1587648608346279	1587648608347450	1171	0
617	309	154.5	74.16	1587648608356444	1587648608357630	1186	0
618	309.5	154.75	74.28	1587648608366623	1587648608367816	1193	0
619	310	155	74.4	1587648608376798	1587648608377949	1151	0
620	310.5	155.25	74.52	1587648608386972	1587648608388141	1169	0
621	311	155.5	74.64	1587648608397137	1587648608398291	1154	0
622	311.5	155.75	74.76	1587648608407306	1587648608408476	1170	0
623	312	156	74.88	1587648608417478	1587648608418625	1147	0
624	312.5	156.25	75	1587648608427661	1587648608428829	1168	0
625	313	156.5	75.12	1587648608437811	1587648608439013	1202	0
626	313.5	156.75	75.24	1587648608447990	1587648608449159	1169	0
627	314	157	75.36	1587648608458115	1587648608459316	1201	0
628	314.5	157.25	75.48	1587648608468289	1587648608469500	1211	0
629	315	157.5	75.6	1587648608478512	1587648608479681	1169	0
630	315.5	157.75	75.72	1587648608488677	1587648608489829	1152	0
631	316	158	75.84	1587648608498838	1587648608500008	1170	0
632	316.5	158.25	75.96	1587648608509008	1587648608510151	1143	0
633	317	158.5	76.08	1587648608519176	1587648608520316	1140	0
634	317.5	158.75	76.2	1587648608529358	1587648608530516	1158	0
635	318	159	76.32	1587648608539512	1587648608540683	1171	0
636	318.5	159.25	76.44	1587648608549664	1587648608550853	1189	0
637	319	159.5	76.56	1587648608559858	1587648608561028	1170	0
638	319.5	159.75	76.68	1587648608569949	1587648608571155	1206	0
639	320	160	76.8	1587648608580204	1587648608581375	1171	0
640	320.5	160.25	76.92	1587648608590358	1587648608591528	1170	0
641	321	160.5	77.04	1587648608600547	1587648608601735	1188	0
642	321.5	160.75	77.16	1587648608610716	1587648608611891	1175	0
643	322	161	77.28	1587648608620896	1587648608622037	1141	0
644	322.5	161.25	77.4	1587648608631078	1587648608632247	1169	0
645	323	161.5	77.52	1587648608641244	1587648608642417	1173	0
646	323.5	161.75	77.64	1587648608651413	1587648608652583	1170	0
647	324	162	77.76	1587648608661583	-1	-1	1
648	324.5	162.25	77.88	1587648608671712	1587648608672914	1202	0
649	325	162.5	78	1587648608681917	1587648608683077	1160	0
650	325.5	162.75	78.12	1587648608692088	1587648608693256	1168	0
651	326	163	78.24	1587648608702199	1587648608703365	1166	0
652	326.5	163.25	78.36	1587648608712413	1587648608713602	1189	0
653	327	163.5	78.48	1587648608722578	1587648608723749	1171	0
654	327.5	163.75	78.6	1587648608732749	1587648608733899	1150	0
655	328	164	78.72	1587648608742927	1587648608744100	1173	0
656	328.5	164.25	78.84	1587648608753093	1587648608754249	1156	0
657	329	164.5	78.96	1587648608764273	1587648608765464	1191	0
658	329.5	164.75	79.08	1587648608773411	1587648608774613	1202	0
659	330	165	79.2	1587648608783574	1587648608784749	1175	0
660	330.5	165.25	79.32	1587648608793757	1587648608794910	1153	0
661	331	165.5	79.44	1587648608803894	1587648608805066	1172	0
662	331.5	165.75	79.56	1587648608813955	1587648608815159	1204	0
663	332	166	79.68	1587648608824213	1587648608825388	1175	0
664	332.5	166.25	79.8	1587648608834367	1587648608835540	1173	0
665	333	166.5	79.92	1587648608844539	1587648608845730	1191	0
666	333.5	166.75	80.04	1587648608854713	1587648608855886	1173	0
667	334	167	80.16	1587648608865629	1587648608866751	1122	0
668	334.5	167.25	80.28	1587648608875047	1587648608876245	1198	0
669	335	167.5	80.4	1587648608885221	1587648608886379	1158	0
670	335.5	167.75	80.52	1587648608895390	1587648608896563	1173	0
671	336	168	80.64	1587648608905558	1587648608906737	1179	0
672	336.5	168.25	80.76	1587648608915733	1587648608916906	1173	0
673	337	168.5	80.88	1587648608925897	1587648608927067	1170	0
674	337.5	168.75	81	1587648608936086	1587648608937260	1174	0
675	338	169	81.12	1587648608946237	1587648608947411	1174	0
676	338.5	169.25	81.24	1587648608956413	1587648608957611	1198	0
677	339	169.5	81.36	1587648608966859	1587648608967997	1138	0
678	339.5	169.75	81.48	1587648608976750	1587648608977891	1141	0
679	340	170	81.6	1587648608986898	1587648608988070	1172	0
680	340.5	170.25	81.72	1587648608997067	1587648608998222	1155	0
681	341	170.5	81.84	1587648609007246	1587648609008415	1169	0
682	341.5	170.75	81.96	1587648609017441	1587648609018613	1172	0
683	342	171	82.08	1587648609027611	1587648609028783	1172	0
684	342.5	171.25	82.2	1587648609037798	1587648609038954	1156	0
685	343	171.5	82.32	1587648609047946	1587648609049117	1171	0
686	343.5	171.75	82.44	1587648609057990	1587648609059194	1204	0
687	344	172	82.56	1587648609068219	1587648609069421	1202	0
688	344.5	172.25	82.68	1587648609078455	1587648609079654	1199	0
689	345	172.5	82.8	1587648609088638	1587648609089828	1190	0
690	345.5	172.75	82.92	1587648609098806	1587648609099976	1170	0
691	346	173	83.04	1587648609108972	1587648609110112	1140	0
692	346.5	173.25	83.16	1587648609119144	1587648609120314	1170	0
693	347	173.5	83.28	1587648609129310	1587648609130480	1170	0
694	347.5	173.75	83.4	1587648609139433	1587648609140622	1189	0
695	348	174	83.52	1587648609149649	1587648609150819	1170	0
696	348.5	174.25	83.64	1587648609159842	1587648609161020	1178	0
697	349	174.5	83.76	1587648609169941	1587648609171147	1206	0
698	349.5	174.75	83.88	1587648609180180	1587648609181377	1197	0
699	350	175	84	1587648609190282	1587648609191507	1225	0
700	350.5	175.25	84.12	1587648609200511	1587648609201699	1188	0
701	351	175.5	84.24	1587648609210697	1587648609211869	1172	0
702	351.5	175.75	84.36	1587648609220864	1587648609222003	1139	0
703	352	176	84.48	1587648609231039	1587648609232208	1169	0
704	352.5	176.25	84.6	1587648609241202	1587648609242358	1156	0
705	353	176.5	84.72	1587648609251397	1587648609252568	1171	0
706	353.5	176.75	84.84	1587648609261583	1587648609262742	1159	0
707	354	177	84.96	1587648609271737	1587648609272909	1172	0
708	354.5	177.25	85.08	1587648609281893	1587648609283086	1193	0
709	355	177.5	85.2	1587648609292071	1587648609293210	1139	0
710	355.5	177.75	85.32	1587648609302187	1587648609303358	1171	0
711	356	178	85.44	1587648609312372	1587648609313543	1171	0
712	356.5	178.25	85.56	1587648609322546	1587648609323717	1171	0
713	357	178.5	85.68	1587648609332709	1587648609333894	1185	0
714	357.5	178.75	85.8	1587648609342893	1587648609344062	1169	0
715	358	179	85.92	1587648609353059	1587648609354201	1142	0
716	358.5	179.25	86.04	1587648609363231	1587648609364402	1171	0
717	359	179.5	86.16	1587648609373400	1587648609374568	1168	0
718	359.5	179.75	86.28	1587648609383586	1587648609384783	1197	0
719	360	180	86.4	1587648609393736	1587648609394928	1192	0
720	360.5	180.25	86.52	1587648609403931	1587648609405102	1171	0
721	361	180.5	86.64	1587648609414025	1587648609415232	1207	0
722	361.5	180.75	86.76	1587648609424282	1587648609425452	1170	0
723	362	181	86.88	1587648609434452	1587648609435622	1170	0
724	362.5	181.25	87	1587648609444559	1587648609445732	1173	0
725	363	181.5	87.12	1587648609454789	1587648609455959	1170	0
726	363.5	181.75	87.24	1587648609464966	1587648609466110	1144	0
727	364	182	87.36	1587648609475131	1587648609476301	1170	0
728	364.5	182.25	87.48	1587648609485297	1587648609486493	1196	0
729	365	182.5	87.6	1587648609495464	1587648609496635	1171	0
730	365.5	182.75	87.72	1587648609505668	1587648609506810	1142	0
731	366	183	87.84	1587648609515808	1587648609516981	1173	0
732	366.5	183.25	87.96	1587648609525896	1587648609527102	1206	0
733	367	183.5	88.08	1587648609536141	1587648609537312	1171	0
734	367.5	183.75	88.2	1587648609546270	1587648609547442	1172	0
735	368	184	88.32	1587648609556469	1587648609557643	1174	0
736	368.5	184.25	88.44	1587648609566638	1587648609567813	1175	0
737	369	184.5	88.56	1587648609576827	1587648609577948	1121	0
738	369.5	184.75	88.68	1587648609587002	1587648609588202	1200	0
739	370	185	88.8	1587648609597172	1587648609598306	1134	0
740	370.5	185.25	88.92	1587648609607335	1587648609608506	1171	0
741	371	185.5	89.04	1587648609617513	1587648609618687	1174	0
742	371.5	185.75	89.16	1587648609627688	1587648609628861	1173	0
743	372	186	89.28	1587648609637863	1587648609639035	1172	0
744	372.5	186.25	89.4	1587648609648018	1587648609649188	1170	0
745	373	186.5	89.52	1587648609658136	1587648609659327	1191	0
746	373.5	186.75	89.64	1587648609668359	1587648609669530	1171	0
747	374	187	89.76	1587648609678513	1587648609679653	1140	0
748	374.5	187.25	89.88	1587648609688682	1587648609689895	1213	0
749	375	187.5	90	1587648609698863	1587648609700032	1169	0
750	375.5	187.75	90.12	1587648609709029	1587648609710169	1140	0
751	376	188	90.24	1587648609719195	1587648609720367	1172	0
752	376.5	188.25	90.36	1587648609729364	1587648609730535	1171	0
753	377	188.5	90.48	1587648609739533	1587648609740700	1167	0
754	377.5	188.75	90.6	1587648609749725	1587648609750878	1153	0
755	378	189	90.72	1587648609759878	1587648609761045	1167	0
756	378.5	189.25	90.84	1587648609769968	1587648609771171	1203	0
757	379	189.5	90.96	1587648609780210	1587648609781379	1169	0
758	379.5	189.75	91.08	1587648609790367	1587648609791562	1195	0
759	380	190	91.2	1587648609800538	1587648609801692	1154	0
760	380.5	190.25	91.32	1587648609810713	1587648609811885	1172	0
761	381	190.5	91.44	1587648609820877	1587648609822013	1136	0
762	381.5	190.75	91.56	1587648609831017	1587648609832188	1171	0
763	382	191	91.68	1587648609841212	1587648609842368	1156	0
764	382.5	191.25	91.8	1587648609851393	1587648609852563	1170	0
765	383	191.5	91.92	1587648609861576	1587648609862733	1157	0
766	383.5	191.75	92.04	1587648609871738	1587648609872911	1173	0
767	384	192	92.16	1587648609881899	1587648609883068	1169	0
768	384.5	192.25	92.28	1587648609892076	1587648609893271	1195	0
769	385	192.5	92.4	1587648609902163	1587648609903365	1202	0
770	385.5	192.75	92.52	1587648609912406	1587648609913642	1236	0
771	386	193	92.64	1587648609922583	1587648609923753	1170	0
772	386.5	193.25	92.76	1587648609932757	1587648609933898	1141	0
773	387	193.5	92.88	1587648609942931	1587648609944103	1172	0
774	387.5	193.75	93	1587648609953066	1587648609954220	1154	0
775	388	194	93.12	1587648609963177	1587648609964347	1170	0
776	388.5	194.25	93.24	1587648609973274	1587648609974445	1171	0
777	389	194.5	93.36	1587648609983420	1587648609984592	1172	0
778	389.5	194.75	93.48	1587648609993601	1587648609994781	1180	0
779	390	195	93.6	1587648610003753	1587648610004922	1169	0
780	390.5	195.25	93.72	1587648610013915	1587648610015078	1163	0
781	391	195.5	93.84	1587648610024088	1587648610025260	1172	0
782	391.5	195.75	93.96	1587648610034225	1587648610035396	1171	0
783	392	196	94.08	1587648610044427	1587648610045613	1186	0
784	392.5	196.25	94.2	1587648610054596	1587648610055770	1174	0
785	393	196.5	94.32	1587648610064763	1587648610065878	1115	0
786	393.5	196.75	94.44	1587648610074939	1587648610076113	1174	0
787	394	197	94.56	1587648610085104	1587648610086263	1159	0
788	394.5	197.25	94.68	1587648610095276	1587648610096473	1197	0
789	395	197.5	94.8	1587648610105452	1587648610106625	1173	0
790	395.5	197.75	94.92	1587648610115619	1587648610116792	1173	0
791	396	198	95.04	1587648610125809	1587648610126968	1159	0
792	396.5	198.25	95.16	1587648610135963	1587648610137135	1172	0
793	397	198.5	95.28	1587648610146047	1587648610147250	1203	0
794	397.5	198.75	95.4	1587648610156317	1587648610157485	1168	0
795	398	199	95.52	1587648610166480	1587648610167645	1165	0
796	398.5	199.25	95.64	1587648610176643	1587648610177797	1154	0
797	399	199.5	95.76	1587648610186811	1587648610187983	1172	0
798	399.5	199.75	95.88	1587648610196987	1587648610198150	1163	0
799	400	200	96	1587648610207145	1587648610208319	1174	0
800	400.5	200.25	96.12	1587648610217302	1587648610218479	1177	0
801	401	200.5	96.24	1587648610227487	1587648610228660	1173	0
802	401.5	200.75	96.36	1587648610237657	1587648610238831	1174	0
803	402	201	96.48	1587648610247824	1587648610248998	1174	0
804	402.5	201.25	96.6	1587648610257908	1587648610259114	1206	0
805	403	201.5	96.72	1587648610268152	1587648610269324	1172	0
806	403.5	201.75	96.84	1587648610278309	1587648610279481	1172	0
807	404	202	96.96	1587648610288485	1587648610289666	1181	0
808	404.5	202.25	97.08	1587648610298656	1587648610299851	1195	0
809	405	202.5	97.2	1587648610308832	1587648610309906	1074	0
810	405.5	202.75	97.32	1587648610318934	1587648610320109	1175	0
811	406	203	97.44	1587648610329165	1587648610330325	1160	0
812	406.5	203.25	97.56	1587648610339331	1587648610340502	1171	0
813	407	203.5	97.68	1587648610349498	1587648610350674	1176	0
814	407.5	203.75	97.8	1587648610359666	1587648610360838	1172	0
815	408	204	97.92	1587648610369852	1587648610371024	1172	0
816	408.5	204.25	98.04	1587648610380007	1587648610381179	1172	0
817	409	204.5	98.16	1587648610390127	1587648610391320	1193	0
818	409.5	204.75	98.28	1587648610400349	1587648610401545	1196	0
819	410	205	98.4	1587648610410519	1587648610411697	1178	0
820	410.5	205.25	98.52	1587648610420694	1587648610421880	1186	0
821	411	205.5	98.64	1587648610430868	1587648610432041	1173	0
822	411.5	205.75	98.76	1587648610441033	1587648610442172	1139	0
823	412	206	98.88	1587648610451204	1587648610452370	1166	0
824	412.5	206.25	99	1587648610461374	1587648610462546	1172	0
825	413	206.5	99.12	1587648610471542	1587648610472715	1173	0
826	413.5	206.75	99.24	1587648610481739	1587648610482891	1152	0
827	414	207	99.36	1587648610491887	1587648610493060	1173	0
828	414.5	207.25	99.48	1587648610501974	1587648610503208	1234	0
829	415	207.5	99.6	1587648610512237	1587648610513407	1170	0
830	415.5	207.75	99.72	1587648610522395	1587648610523566	1171	0
831	416	208	99.84	1587648610532532	1587648610533696	1164	0
832	416.5	208.25	99.96	1587648610542755	1587648610543906	1151	0
833	417	208.5	100.08	1587648610552904	1587648610554045	1141	0
834	417.5	208.75	100.2	1587648610563093	1587648610564265	1172	0
835	418	209	100.32	1587648610573256	1587648610574427	1171	0
836	418.5	209.25	100.44	1587648610583421	1587648610584593	1172	0
837	419	209.5	100.56	1587648610593612	1587648610594772	1160	0
838	419.5	209.75	100.68	1587648610603762	1587648610604959	1197	0
839	420	210	100.8	1587648610613894	1587648610615091	1197	0
840	420.5	210.25	100.92	1587648610624063	1587648610625233	1170	0
841	421	210.5	101.04	1587648610634144	1587648610635337	1193	0
842	421.5	210.75	101.16	1587648610644394	1587648610645585	1191	0
843	422	211	101.28	1587648610654530	1587648610655734	1204	0
844	422.5	211.25	101.4	1587648610664734	1587648610665923	1189	0
845	423	211.5	101.52	1587648610674908	1587648610676077	1169	0
846	423.5	211.75	101.64	1587648610685070	1587648610686203	1133	0
847	424	212	101.76	1587648610695235	1587648610696408	1173	0
848	424.5	212.25	101.88	1587648610705342	1587648610706539	1197	0
849	425	212.5	102	1587648610715560	1587648610716734	1174	0
850	425.5	212.75	102.12	1587648610725720	1587648610726905	1185	0
851	426	213	102.24	1587648610735908	1587648610737077	1169	0
852	426.5	213.25	102.36	1587648610746000	1587648610747204	1204	0
853	427	213.5	102.48	1587648610756240	1587648610757412	1172	0
854	427.5	213.75	102.6	1587648610766398	1587648610767570	1172	0
855	428	214	102.72	1587648610776575	1587648610777763	1188	0
856	428.5	214.25	102.84	1587648610786746	1587648610787920	1174	0
857	429	214.5	102.96	1587648610796919	1587648610798055	1136	0
858	429.5	214.75	103.08	1587648610807085	1587648610808262	1177	0
859	430	215	103.2	1587648610817253	1587648610818424	1171	0
860	430.5	215.25	103.32	1587648610827421	1587648610828589	1168	0
861	431	215.5	103.44	1587648610837617	1587648610838774	1157	0
862	431.5	215.75	103.56	1587648610847766	1587648610848932	1166	0
863	432	216	103.68	1587648610857882	1587648610859085	1203	0
864	432.5	216.25	103.8	1587648610868087	1587648610869257	1170	0
865	433	216.5	103.92	1587648610878249	1587648610879419	1170	0
866	433.5	216.75	104.04	1587648610888403	-1	-1	1
867	434	217	104.16	1587648610898598	1587648610899775	1177	0
868	434.5	217.25	104.28	1587648610908767	1587648610909962	1195	0
869	435	217.5	104.4	1587648610918969	1587648610920142	1173	0
870	435.5	217.75	104.52	1587648610929130	1587648610930287	1157	0
871	436	218	104.64	1587648610939297	1587648610940469	1172	0
872	436.5	218.25	104.76	1587648610949466	1587648610950635	1169	0
873	437	218.5	104.88	1587648610959639	1587648610960811	1172	0
874	437.5	218.75	105	1587648610969811	1587648610970980	1169	0
875	438	219	105.12	1587648610979930	1587648610981101	1171	0
876	438.5	219.25	105.24	1587648610991083	1587648610992239	1156	0
877	439	219.5	105.36	1587648611000221	1587648611001391	1170	0
878	439.5	219.75	105.48	1587648611010342	1587648611011539	1197	0
879	440	220	105.6	1587648611020478	1587648611021660	1182	0
880	440.5	220.25	105.72	1587648611030598	1587648611031772	1174	0
881	441	220.5	105.84	1587648611040695	1587648611041914	1219	0
882	441.5	220.75	105.96	1587648611050856	1587648611052027	1171	0
883	442	221	106.08	1587648611060981	1587648611062121	1140	0
884	442.5	221.25	106.2	1587648611071104	1587648611072276	1172	0
885	443	221.5	106.32	1587648611081236	1587648611082395	1159	0
886	443.5	221.75	106.44	1587648611092326	1587648611093489	1163	0
887	444	222	106.56	1587648611101483	1587648611102655	1172	0
888	444.5	222.25	106.68	1587648611111611	1587648611112810	1199	0
889	445	222.5	106.8	1587648611121759	1587648611122909	1150	0
890	445.5	222.75	106.92	1587648611131888	1587648611133060	1172	0
891	446	223	107.04	1587648611141940	1587648611143142	1202	0
892	446.5	223.25	107.16	1587648611152137	1587648611153317	1180	0
893	447	223.5	107.28	1587648611162258	1587648611163431	1173	0
894	447.5	223.75	107.4	1587648611172390	1587648611173590	1200	0
895	448	224	107.52	1587648611182518	1587648611183695	1177	0
896	448.5	224.25	107.64	1587648611193623	1587648611194740	1117	0
897	449	224.5	107.76	1587648611202768	1587648611203937	1169	0
898	449.5	224.75	107.88	1587648611212890	1587648611214055	1165	0
899	450	225	108	1587648611223021	1587648611224192	1171	0
900	450.5	225.25	108.12	1587648611233148	1587648611234306	1158	0
901	451	225.5	108.24	1587648611243278	1587648611244446	1168	0
902	451.5	225.75	108.36	1587648611253401	1587648611254574	1173	0
903	452	226	108.48	1587648611263533	1587648611264705	1172	0
904	452.5	226.25	108.6	1587648611273704	1587648611274875	1171	0
905	453	226.5	108.72	1587648611283888	1587648611285059	1171	0
906	453.5	226.75	108.84	1587648611294806	1587648611295940	1134	0
907	454	227	108.96	1587648611304219	1587648611305393	1174	0
908	454.5	227.25	109.08	1587648611314371	1587648611315570	1199	0
909	455	227.5	109.2	1587648611324544	1587648611325718	1174	0
910	455.5	227.75	109.32	1587648611334715	1587648611335886	1171	0
911	456	228	109.44	1587648611344896	1587648611346036	1140	0
912	456.5	228.25	109.56	1587648611355086	1587648611356259	1173	0
913	457	228.5	109.68	1587648611365249	1587648611366391	1142	0
914	457.5	228.75	109.8	1587648611375409	1587648611376582	1173	0
915	458	229	109.92	1587648611385591	1587648611386750	1159	0
916	458.5	229.25	110.04	1587648611395907	1587648611397038	1131	0
917	459	229.5	110.16	1587648611405892	1587648611407060	1168	0
918	459.5	229.75	110.28	1587648611416064	1587648611417263	1199	0
919	460	230	110.4	1587648611426226	1587648611427399	1173	0
920	460.5	230.25	110.52	1587648611436395	1587648611437595	1200	0
921	461	230.5	110.64	1587648611446541	1587648611447715	1174	0
922	461.5	230.75	110.76	1587648611456710	1587648611457894	1184	0
923	462	231	110.88	1587648611466897	1587648611468067	1170	0
924	462.5	231.25	111	1587648611477036	1587648611478219	1183	0
925	463	231.5	111.12	1587648611487222	1587648611488394	1172	0
926	463.5	231.75	111.24	1587648611497380	1587648611498552	1172	0
927	464	232	111.36	1587648611507544	1587648611508719	1175	0
928	464.5	232.25	111.48	1587648611517736	1587648611518913	1177	0
929	465	232.5	111.6	1587648611527822	1587648611528997	1175	0
930	465.5	232.75	111.72	1587648611537968	1587648611539173	1205	0
931	466	233	111.84	1587648611548215	1587648611549390	1175	0
932	466.5	233.25	111.96	1587648611558347	1587648611559522	1175	0
933	467	233.5	112.08	1587648611568542	1587648611569718	1176	0
934	467.5	233.75	112.2	1587648611578716	1587648611579893	1177	0
935	468	234	112.32	1587648611588894	1587648611590036	1142	0
936	468.5	234.25	112.44	1587648611599080	1587648611600251	1171	0
937	469	234.5	112.56	1587648611609252	1587648611610427	1175	0
938	469.5	234.75	112.68	1587648611619422	1587648611620622	1200	0
939	470	235	112.8	1587648611629620	1587648611630760	1140	0
940	470.5	235.25	112.92	1587648611639763	1587648611640934	1171	0
941	471	235.5	113.04	1587648611649932	1587648611651099	1167	0
942	471.5	235.75	113.16	1587648611660103	1587648611661274	1171	0
943	472	236	113.28	1587648611670259	1587648611671429	1170	0
944	472.5	236.25	113.4	1587648611680424	1587648611681636	1212	0
945	473	236.5	113.52	1587648611690588	1587648611691763	1175	0
946	473.5	236.75	113.64	1587648611700767	1587648611701928	1161	0
947	474	237	113.76	1587648611710936	1587648611712110	1174	0
948	474.5	237.25	113.88	1587648611721107	1587648611722284	1177	0
949	475	237.5	114	1587648611731241	1587648611732414	1173	0
950	475.5	237.75	114.12	1587648611741416	1587648611742587	1171	0
951	476	238	114.24	1587648611751576	1587648611752749	1173	0
952	476.5	238.25	114.36	1587648611761743	1587648611762915	1172	0
953	477	238.5	114.48	1587648611771915	1587648611773085	1170	0
954	477.5	238.75	114.6	1587648611781998	1587648611783208	1210	0
955	478	239	114.72	1587648611792231	1587648611793406	1175	0
956	478.5	239.25	114.84	1587648611802352	1587648611803527	1175	0
957	479	239.5	114.96	1587648611812521	1587648611813712	1191	0
958	479.5	239.75	115.08	1587648611822680	1587648611823881	1201	0
959	480	240	115.2	1587648611832842	1587648611833983	1141	0
960	480.5	240.25	115.32	1587648611843016	1587648611844191	1175	0
961	481	240.5	115.44	1587648611853184	1587648611854339	1155	0
962	481.5	240.75	115.56	1587648611863322	1587648611864533	1211	0
963	482	241	115.68	1587648611873513	1587648611874689	1176	0
964	482.5	241.25	115.8	1587648611883649	1587648611884826	1177	0
965	483	241.5	115.92	1587648611893870	1587648611895041	1171	0
966	483.5	241.75	116.04	1587648611904034	1587648611905203	1169	0
967	484	242	116.16	1587648611914138	1587648611915339	1201	0
968	484.5	242.25	116.28	1587648611924359	1587648611925556	1197	0
969	485	242.5	116.4	1587648611934524	1587648611935699	1175	0
970	485.5	242.75	116.52	1587648611944688	1587648611945876	1188	0
971	486	243	116.64	1587648611954858	1587648611956028	1170	0
972	486.5	243.25	116.76	1587648611965030	1587648611966172	1142	0
973	487	243.5	116.88	1587648611975186	1587648611976357	1171	0
974	487.5	243.75	117	1587648611985371	1587648611986540	1169	0
975	488	244	117.12	1587648611995535	1587648611996707	1172	0
976	488.5	244.25	117.24	1587648612005708	1587648612006865	1157	0
977	489	244.5	117.36	1587648612015865	1587648612017038	1173	0
978	489.5	244.75	117.48	1587648612025953	1587648612027178	1225	0
979	490	245	117.6	1587648612036198	1587648612037372	1174	0
980	490.5	245.25	117.72	1587648612046350	1587648612047520	1170	0
981	491	245.5	117.84	1587648612056511	1587648612057698	1187	0
982	491.5	245.75	117.96	1587648612066677	1587648612067853	1176	0
983	492	246	118.08	1587648612076837	1587648612077976	1139	0
984	492.5	246.25	118.2	1587648612086994	1587648612088167	1173	0
985	493	246.5	118.32	1587648612097163	1587648612098290	1127	0
986	493.5	246.75	118.44	1587648612107334	1587648612108507	1173	0
987	494	247	118.56	1587648612117528	1587648612118702	1174	0
988	494.5	247.25	118.68	1587648612127712	1587648612128911	1199	0
989	495	247.5	118.8	1587648612137876	1587648612139050	1174	0
990	495.5	247.75	118.92	1587648612148044	1587648612149215	1171	0
991	496	248	119.04	1587648612158155	1587648612159351	1196	0
992	496.5	248.25	119.16	1587648612168376	1587648612169547	1171	0
993	497	248.5	119.28	1587648612178510	1587648612179682	1172	0
994	497.5	248.75	119.4	1587648612188682	1587648612189841	1159	0
995	498	249	119.52	1587648612198851	1587648612200015	1164	0
996	498.5	249.25	119.64	1587648612209012	1587648612210162	1150	0
997	499	249.5	119.76	1587648612219118	1587648612220290	1172	0
998	499.5	249.75	119.88	1587648612229236	1587648612230418	1182	0
999	500	250	120	1587648612239367	1587648612240536	1169	0
Total loss: 4
