1	0.5	0.25	0.12	1587648602082689	-1	-1	1
2	1	0.5	0.24	1587648602092886	1587648602093903	1017	0
3	1.5	0.75	0.36	1587648602103050	1587648602103704	654	0
4	2	1	0.48	1587648602113176	1587648602113760	584	0
5	2.5	1.25	0.6	1587648602123345	1587648602123984	639	0
6	3	1.5	0.72	1587648602133498	1587648602134090	592	0
7	3.5	1.75	0.84	1587648602143667	1587648602144328	661	0
8	4	2	0.96	1587648602153826	1587648602154471	645	0
9	4.5	2.25	1.08	1587648602163990	1587648602164631	641	0
10	5	2.5	1.2	1587648602174154	1587648602174804	650	0
11	5.5	2.75	1.32	1587648602184326	1587648602184971	645	0
12	6	3	1.44	1587648602194493	1587648602195142	649	0
13	6.5	3.25	1.56	1587648602204657	1587648602205301	644	0
14	7	3.5	1.68	1587648602214821	1587648602215463	642	0
15	7.5	3.75	1.8	1587648602224986	1587648602225651	665	0
16	8	4	1.92	1587648602235151	1587648602235797	646	0
17	8.5	4.25	2.04	1587648602245327	1587648602245934	607	0
18	9	4.5	2.16	1587648602255491	1587648602256138	647	0
19	9.5	4.75	2.28	1587648602265667	1587648602266320	653	0
20	10	5	2.4	1587648602275834	1587648602276478	644	0
21	10.5	5.25	2.52	1587648602286002	1587648602286647	645	0
22	11	5.5	2.64	1587648602296167	1587648602296818	651	0
23	11.5	5.75	2.76	1587648602306342	1587648602306991	649	0
24	12	6	2.88	1587648602316520	1587648602317166	646	0
25	12.5	6.25	3	1587648602326686	1587648602327338	652	0
26	13	6.5	3.12	1587648602336851	1587648602337405	554	0
27	13.5	6.75	3.24	1587648602347017	1587648602347661	644	0
28	14	7	3.36	1587648602357183	1587648602357782	599	0
29	14.5	7.25	3.48	1587648602367357	1587648602368004	647	0
30	15	7.5	3.6	1587648602377534	1587648602378135	601	0
31	15.5	7.75	3.72	1587648602387699	1587648602388358	659	0
32	16	8	3.84	1587648602397863	1587648602398505	642	0
33	16.5	8.25	3.96	1587648602408030	1587648602408680	650	0
34	17	8.5	4.08	1587648602418201	1587648602418847	646	0
35	17.5	8.75	4.2	1587648602428368	1587648602429020	652	0
36	18	9	4.32	1587648602438534	1587648602439182	648	0
37	18.5	9.25	4.44	1587648602448699	1587648602449351	652	0
38	19	9.5	4.56	1587648602458866	1587648602459506	640	0
39	19.5	9.75	4.68	1587648602469031	1587648602469711	680	0
40	20	10	4.8	1587648602479198	1587648602479848	650	0
41	20.5	10.25	4.92	1587648602489365	1587648602490000	635	0
42	21	10.5	5.04	1587648602499532	1587648602500179	647	0
43	21.5	10.75	5.16	1587648602509693	1587648602510280	587	0
44	22	11	5.28	1587648602519859	1587648602520505	646	0
45	22.5	11.25	5.4	1587648602530017	1587648602530649	632	0
46	23	11.5	5.52	1587648602540186	1587648602540837	651	0
47	23.5	11.75	5.64	1587648602550385	1587648602551036	651	0
48	24	12	5.76	1587648602560551	1587648602561198	647	0
49	24.5	12.25	5.88	1587648602570717	1587648602571359	642	0
50	25	12.5	6	1587648602580887	1587648602581536	649	0
51	25.5	12.75	6.12	1587648602591056	1587648602591699	643	0
52	26	13	6.24	1587648602601222	1587648602601803	581	0
53	26.5	13.25	6.36	1587648602611390	1587648602612039	649	0
54	27	13.5	6.48	1587648602621556	1587648602622148	592	0
55	27.5	13.75	6.6	1587648602631744	1587648602632391	647	0
56	28	14	6.72	1587648602641903	1587648602642550	647	0
57	28.5	14.25	6.84	1587648602652070	1587648602652715	645	0
58	29	14.5	6.96	1587648602662238	1587648602662888	650	0
59	29.5	14.75	7.08	1587648602672405	1587648602673077	672	0
60	30	15	7.2	1587648602682575	1587648602683223	648	0
61	30.5	15.25	7.32	1587648602692744	1587648602693398	654	0
62	31	15.5	7.44	1587648602702904	1587648602703449	545	0
63	31.5	15.75	7.56	1587648602713075	1587648602713756	681	0
64	32	16	7.68	1587648602723246	1587648602723836	590	0
65	32.5	16.25	7.8	1587648602733412	1587648602733995	583	0
66	33	16.5	7.92	1587648602743578	1587648602744223	645	0
67	33.5	16.75	8.04	1587648602753738	1587648602754381	643	0
68	34	17	8.16	1587648602763898	1587648602764539	641	0
69	34.5	17.25	8.28	1587648602774064	1587648602774708	644	0
70	35	17.5	8.4	1587648602784234	1587648602784882	648	0
71	35.5	17.75	8.52	1587648602794405	1587648602795064	659	0
72	36	18	8.64	1587648602804573	1587648602805217	644	0
73	36.5	18.25	8.76	1587648602814733	1587648602815381	648	0
74	37	18.5	8.88	1587648602824905	1587648602825545	640	0
75	37.5	18.75	9	1587648602835071	1587648602835715	644	0
76	38	19	9.12	1587648602845247	1587648602845868	621	0
77	38.5	19.25	9.24	1587648602855411	1587648602856053	642	0
78	39	19.5	9.36	1587648602865589	1587648602866175	586	0
79	39.5	19.75	9.48	1587648602875755	1587648602876405	650	0
80	40	20	9.6	1587648602885914	1587648602886555	641	0
81	40.5	20.25	9.72	1587648602896081	1587648602896725	644	0
82	41	20.5	9.84	1587648602906261	1587648602906910	649	0
83	41.5	20.75	9.96	1587648602916428	1587648602917071	643	0
84	42	21	10.08	1587648602926592	1587648602927246	654	0
85	42.5	21.25	10.2	1587648602936759	1587648602937402	643	0
86	43	21.5	10.32	1587648602946930	1587648602947574	644	0
87	43.5	21.75	10.44	1587648602957101	1587648602957721	620	0
88	44	22	10.56	1587648602967286	1587648602967933	647	0
89	44.5	22.25	10.68	1587648602977453	1587648602978057	604	0
90	45	22.5	10.8	1587648602987629	1587648602988275	646	0
91	45.5	22.75	10.92	1587648602997794	1587648602998431	637	0
92	46	23	11.04	1587648603007963	1587648603008606	643	0
93	46.5	23.25	11.16	1587648603018128	1587648603018747	619	0
94	47	23.5	11.28	1587648603028300	1587648603028947	647	0
95	47.5	23.75	11.4	1587648603038471	1587648603039093	622	0
96	48	24	11.52	1587648603048635	1587648603049277	642	0
97	48.5	24.25	11.64	1587648603058820	1587648603059475	655	0
98	49	24.5	11.76	1587648603068990	1587648603069651	661	0
99	49.5	24.75	11.88	1587648603079167	1587648603079810	643	0
100	50	25	12	1587648603089342	1587648603089946	604	0
101	50.5	25.25	12.12	1587648603099509	1587648603100158	649	0
102	51	25.5	12.24	1587648603109676	1587648603110256	580	0
103	51.5	25.75	12.36	1587648603119849	1587648603120490	641	0
104	52	26	12.48	1587648603130013	1587648603130656	643	0
105	52.5	26.25	12.6	1587648603140180	1587648603140827	647	0
106	53	26.5	12.72	1587648603150349	1587648603151002	653	0
107	53.5	26.75	12.84	1587648603160521	1587648603161163	642	0
108	54	27	12.96	1587648603170687	1587648603171334	647	0
109	54.5	27.25	13.08	1587648603180856	1587648603181498	642	0
110	55	27.5	13.2	1587648603191024	1587648603191669	645	0
111	55.5	27.75	13.32	1587648603201186	1587648603201782	596	0
112	56	28	13.44	1587648603211349	1587648603211970	621	0
113	56.5	28.25	13.56	1587648603221520	1587648603222091	571	0
114	57	28.5	13.68	1587648603231687	1587648603232328	641	0
115	57.5	28.75	13.8	1587648603241852	1587648603242488	636	0
116	58	29	13.92	1587648603252015	1587648603252632	617	0
117	58.5	29.25	14.04	1587648603262177	1587648603262786	609	0
118	59	29.5	14.16	1587648603272345	1587648603272997	652	0
119	59.5	29.75	14.28	1587648603282509	1587648603283114	605	0
120	60	30	14.4	1587648603292668	1587648603293277	609	0
121	60.5	30.25	14.52	1587648603302828	1587648603304485	1657	0
122	61	30.5	14.64	1587648603312986	1587648603313646	660	0
123	61.5	30.75	14.76	1587648603323156	1587648603323783	627	0
124	62	31	14.88	1587648603333324	1587648603333972	648	0
125	62.5	31.25	15	1587648603343488	1587648603344128	640	0
126	63	31.5	15.12	1587648603353651	1587648603354283	632	0
127	63.5	31.75	15.24	1587648603363823	1587648603364465	642	0
128	64	32	15.36	1587648603373990	1587648603374632	642	0
129	64.5	32.25	15.48	1587648603384160	1587648603384803	643	0
130	65	32.5	15.6	1587648603394334	1587648603394975	641	0
131	65.5	32.75	15.72	1587648603404526	1587648603405720	1194	0
132	66	33	15.84	1587648603414687	1587648603415329	642	0
133	66.5	33.25	15.96	1587648603424858	1587648603425505	647	0
134	67	33.5	16.08	1587648603435035	1587648603435678	643	0
135	67.5	33.75	16.2	1587648603445202	1587648603445805	603	0
136	68	34	16.32	1587648603455366	1587648603456001	635	0
137	68.5	34.25	16.44	1587648603465535	1587648603466136	601	0
138	69	34.5	16.56	1587648603475697	1587648603476335	638	0
139	69.5	34.75	16.68	1587648603485860	1587648603486493	633	0
140	70	35	16.8	1587648603496023	1587648603496660	637	0
141	70.5	35.25	16.92	1587648603506181	1587648603506924	743	0
142	71	35.5	17.04	1587648603516350	1587648603516985	635	0
143	71.5	35.75	17.16	1587648603526517	1587648603527153	636	0
144	72	36	17.28	1587648603536684	1587648603537324	640	0
145	72.5	36.25	17.4	1587648603546844	1587648603547481	637	0
146	73	36.5	17.52	1587648603556973	1587648603557603	630	0
147	73.5	36.75	17.64	1587648603567134	1587648603567781	647	0
148	74	37	17.76	1587648603577257	1587648603577876	619	0
149	74.5	37.25	17.88	1587648603587415	1587648603588056	641	0
150	75	37.5	18	1587648603597594	1587648603598164	570	0
151	75.5	37.75	18.12	1587648603607739	1587648603608360	621	0
152	76	38	18.24	1587648603617864	1587648603618461	597	0
153	76.5	38.25	18.36	1587648603627996	1587648603628622	626	0
154	77	38.5	18.48	1587648603638133	1587648603638764	631	0
155	77.5	38.75	18.6	1587648603648301	1587648603648904	603	0
156	78	39	18.72	1587648603658432	1587648603659077	645	0
157	78.5	39.25	18.84	1587648603668571	1587648603669202	631	0
158	79	39.5	18.96	1587648603678755	1587648603679397	642	0
159	79.5	39.75	19.08	1587648603688894	1587648603689503	609	0
160	80	40	19.2	1587648603699052	1587648603699690	638	0
161	80.5	40.25	19.32	1587648603709181	1587648603709795	614	0
162	81	40.5	19.44	1587648603719342	1587648603719978	636	0
163	81.5	40.75	19.56	1587648603729485	1587648603730000	515	0
164	82	41	19.68	1587648603739641	1587648603740285	644	0
165	82.5	41.25	19.8	1587648603749767	1587648603750395	628	0
166	83	41.5	19.92	1587648603759922	1587648603760544	622	0
167	83.5	41.75	20.04	1587648603770069	1587648603770696	627	0
168	84	42	20.16	1587648603780236	1587648603780864	628	0
169	84.5	42.25	20.28	1587648603790403	1587648603791030	627	0
170	85	42.5	20.4	1587648603801351	1587648603801769	418	0
171	85.5	42.75	20.52	1587648603811521	1587648603812160	639	0
172	86	43	20.64	1587648603821690	1587648603822320	630	0
173	86.5	43.25	20.76	1587648603831859	1587648603832497	638	0
174	87	43.5	20.88	1587648603842022	1587648603842655	633	0
175	87.5	43.75	21	1587648603852181	1587648603852815	634	0
176	88	44	21.12	1587648603862338	1587648603862971	633	0
177	88.5	44.25	21.24	1587648603872505	1587648603873148	643	0
178	89	44.5	21.36	1587648603882670	1587648603883277	607	0
179	89.5	44.75	21.48	1587648603892839	1587648603893469	630	0
180	90	45	21.6	1587648603903007	1587648603903644	637	0
181	90.5	45.25	21.72	1587648603913174	1587648603913780	606	0
182	91	45.5	21.84	1587648603923340	1587648603923975	635	0
183	91.5	45.75	21.96	1587648603933512	1587648603934013	501	0
184	92	46	22.08	1587648603943677	1587648603944300	623	0
185	92.5	46.25	22.2	1587648603953847	1587648603954464	617	0
186	93	46.5	22.32	1587648603964011	1587648603964634	623	0
187	93.5	46.75	22.44	1587648603974170	1587648603974792	622	0
188	94	47	22.56	1587648603984329	1587648603984955	626	0
189	94.5	47.25	22.68	1587648603994501	1587648603995131	630	0
190	95	47.5	22.8	1587648604004668	1587648604005289	621	0
191	95.5	47.75	22.92	1587648604014825	1587648604015469	644	0
192	96	48	23.04	1587648604024992	1587648604025635	643	0
193	96.5	48.25	23.16	1587648604035134	1587648604035770	636	0
194	97	48.5	23.28	1587648604045300	1587648604045944	644	0
195	97.5	48.75	23.4	1587648604055425	1587648604056062	637	0
196	98	49	23.52	1587648604065572	1587648604066031	459	0
197	98.5	49.25	23.64	1587648604075732	1587648604076380	648	0
198	99	49.5	23.76	1587648604085867	1587648604086528	661	0
199	99.5	49.75	23.88	1587648604096026	1587648604096667	641	0
200	100	50	24	1587648604106168	1587648604106810	642	0
201	100.5	50.25	24.12	1587648604116330	1587648604116972	642	0
202	101	50.5	24.24	1587648604126490	1587648604127128	638	0
203	101.5	50.75	24.36	1587648604136647	1587648604137283	636	0
204	102	51	24.48	1587648604146785	1587648604147423	638	0
205	102.5	51.25	24.6	1587648604156941	1587648604157593	652	0
206	103	51.5	24.72	1587648604167103	1587648604167744	641	0
207	103.5	51.75	24.84	1587648604177263	1587648604177916	653	0
208	104	52	24.96	1587648604187420	1587648604188062	642	0
209	104.5	52.25	25.08	1587648604197557	1587648604198057	500	0
210	105	52.5	25.2	1587648604207725	1587648604208359	634	0
211	105.5	52.75	25.32	1587648604217852	1587648604218486	634	0
212	106	53	25.44	1587648604228011	1587648604228647	636	0
213	106.5	53.25	25.56	1587648604238173	1587648604238814	641	0
214	107	53.5	25.68	1587648604248332	1587648604248976	644	0
215	107.5	53.75	25.8	1587648604258488	1587648604259127	639	0
216	108	54	25.92	1587648604268662	1587648604269302	640	0
217	108.5	54.25	26.04	1587648604278819	1587648604279453	634	0
218	109	54.5	26.16	1587648604288942	1587648604289557	615	0
219	109.5	54.75	26.28	1587648604299105	1587648604299751	646	0
220	110	55	26.4	1587648604309262	1587648604309860	598	0
221	110.5	55.25	26.52	1587648604319420	1587648604320054	634	0
222	111	55.5	26.64	1587648604329591	1587648604330095	504	0
223	111.5	55.75	26.76	1587648604339755	1587648604340386	631	0
224	112	56	26.88	1587648604349879	1587648604350511	632	0
225	112.5	56.25	27	1587648604360039	1587648604360672	633	0
226	113	56.5	27.12	1587648604370206	1587648604370850	644	0
227	113.5	56.75	27.24	1587648604380368	1587648604381008	640	0
228	114	57	27.36	1587648604390533	1587648604391174	641	0
229	114.5	57.25	27.48	1587648604400702	1587648604401231	529	0
230	115	57.5	27.6	1587648604410862	1587648604411493	631	0
231	115.5	57.75	27.72	1587648604421018	1587648604421649	631	0
232	116	58	27.84	1587648604431185	1587648604431855	670	0
233	116.5	58.25	27.96	1587648604441351	1587648604441882	531	0
234	117	58.5	28.08	1587648604451518	1587648604452158	640	0
235	117.5	58.75	28.2	1587648604461661	1587648604462133	472	0
236	118	59	28.32	1587648604471832	1587648604472470	638	0
237	118.5	59.25	28.44	1587648604482027	1587648604482679	652	0
238	119	59.5	28.56	1587648604492185	1587648604492827	642	0
239	119.5	59.75	28.68	1587648604502357	1587648604502999	642	0
240	120	60	28.8	1587648604512523	1587648604513155	632	0
241	120.5	60.25	28.92	1587648604522690	1587648604523324	634	0
242	121	60.5	29.04	1587648604532858	1587648604533475	617	0
243	121.5	60.75	29.16	1587648604543024	1587648604543661	637	0
244	122	61	29.28	1587648604553194	1587648604553787	593	0
245	122.5	61.25	29.4	1587648604563361	1587648604563998	637	0
246	123	61.5	29.52	1587648604573532	1587648604574118	586	0
247	123.5	61.75	29.64	1587648604583702	1587648604584342	640	0
248	124	62	29.76	1587648604593862	1587648604594499	637	0
249	124.5	62.25	29.88	1587648604604028	1587648604604671	643	0
250	125	62.5	30	1587648604614200	1587648604614839	639	0
251	125.5	62.75	30.12	1587648604624367	1587648604625007	640	0
252	126	63	30.24	1587648604634533	1587648604635172	639	0
253	126.5	63.25	30.36	1587648604644700	1587648604645345	645	0
254	127	63.5	30.48	1587648604654863	1587648604655506	643	0
255	127.5	63.75	30.6	1587648604665029	1587648604665679	650	0
256	128	64	30.72	1587648604675204	1587648604675865	661	0
257	128.5	64.25	30.84	1587648604685339	1587648604685946	607	0
258	129	64.5	30.96	1587648604695515	1587648604696181	666	0
259	129.5	64.75	31.08	1587648604705638	1587648604706215	577	0
260	130	65	31.2	1587648604715809	1587648604716443	634	0
261	130.5	65.25	31.32	1587648604725927	1587648604726539	612	0
262	131	65.5	31.44	1587648604736065	1587648604736695	630	0
263	131.5	65.75	31.56	1587648604746217	1587648604746819	602	0
264	132	66	31.68	1587648604756365	1587648604756966	601	0
265	132.5	66.25	31.8	1587648604766523	1587648604767145	622	0
266	133	66.5	31.92	1587648604776700	1587648604777338	638	0
267	133.5	66.75	32.04	1587648604786864	1587648604787504	640	0
268	134	67	32.16	1587648604796981	1587648604797636	655	0
269	134.5	67.25	32.28	1587648604807148	1587648604807802	654	0
270	135	67.5	32.4	1587648604817309	1587648604817975	666	0
271	135.5	67.75	32.52	1587648604827475	1587648604828114	639	0
272	136	68	32.64	1587648604837656	1587648604838287	631	0
273	136.5	68.25	32.76	1587648604847822	1587648604848463	641	0
274	137	68.5	32.88	1587648604857991	1587648604858633	642	0
275	137.5	68.75	33	1587648604868157	1587648604868801	644	0
276	138	69	33.12	1587648604878326	1587648604878967	641	0
277	138.5	69.25	33.24	1587648604888501	1587648604889151	650	0
278	139	69.5	33.36	1587648604898658	1587648604899304	646	0
279	139.5	69.75	33.48	1587648604908809	1587648604909442	633	0
280	140	70	33.6	1587648604918979	1587648604919623	644	0
281	140.5	70.25	33.72	1587648604929133	1587648604929736	603	0
282	141	70.5	33.84	1587648604939242	1587648604939865	623	0
283	141.5	70.75	33.96	1587648604949365	1587648604949874	509	0
284	142	71	34.08	1587648604959513	1587648604960127	614	0
285	142.5	71.25	34.2	1587648604969661	1587648604970117	456	0
286	143	71.5	34.32	1587648604979819	1587648604980453	634	0
287	143.5	71.75	34.44	1587648604989961	1587648604990610	649	0
288	144	72	34.56	1587648605000110	1587648605000702	592	0
289	144.5	72.25	34.68	1587648605010266	1587648605010868	602	0
290	145	72.5	34.8	1587648605020419	1587648605021016	597	0
291	145.5	72.75	34.92	1587648605030568	1587648605031133	565	0
292	146	73	35.04	1587648605040729	1587648605041343	614	0
293	146.5	73.25	35.16	1587648605050888	1587648605051515	627	0
294	147	73.5	35.28	1587648605061055	1587648605061684	629	0
295	147.5	73.75	35.4	1587648605071222	1587648605071861	639	0
296	148	74	35.52	1587648605081376	1587648605081958	582	0
297	148.5	74.25	35.64	1587648605091541	1587648605092174	633	0
298	149	74.5	35.76	1587648605101701	1587648605102330	629	0
299	149.5	74.75	35.88	1587648605111868	1587648605112517	649	0
300	150	75	36	1587648605122028	1587648605122647	619	0
301	150.5	75.25	36.12	1587648605132200	1587648605132817	617	0
302	151	75.5	36.24	1587648605142368	1587648605142978	610	0
303	151.5	75.75	36.36	1587648605152534	1587648605153152	618	0
304	152	76	36.48	1587648605162696	1587648605163316	620	0
305	152.5	76.25	36.6	1587648605172857	1587648605173496	639	0
306	153	76.5	36.72	1587648605183022	1587648605183631	609	0
307	153.5	76.75	36.84	1587648605193185	1587648605193774	589	0
308	154	77	36.96	1587648605203346	1587648605203963	617	0
309	154.5	77.25	37.08	1587648605213505	1587648605214106	601	0
310	155	77.5	37.2	1587648605223669	1587648605225073	1404	0
311	155.5	77.75	37.32	1587648605233828	1587648605234415	587	0
312	156	78	37.44	1587648605243995	1587648605244611	616	0
313	156.5	78.25	37.56	1587648605254176	1587648605254796	620	0
314	157	78.5	37.68	1587648605264352	1587648605264976	624	0
315	157.5	78.75	37.8	1587648605274520	1587648605275134	614	0
316	158	79	37.92	1587648605284686	1587648605285304	618	0
317	158.5	79.25	38.04	1587648605294858	1587648605295477	619	0
318	159	79.5	38.16	1587648605305026	1587648605305653	627	0
319	159.5	79.75	38.28	1587648605315187	1587648605315811	624	0
320	160	80	38.4	1587648605325352	1587648605326223	871	0
321	160.5	80.25	38.52	1587648605335533	1587648605336153	620	0
322	161	80.5	38.64	1587648605345696	1587648605346287	591	0
323	161.5	80.75	38.76	1587648605355864	1587648605356481	617	0
324	162	81	38.88	1587648605366063	1587648605366678	615	0
325	162.5	81.25	39	1587648605376228	1587648605376822	594	0
326	163	81.5	39.12	1587648605386397	1587648605386999	602	0
327	163.5	81.75	39.24	1587648605396567	1587648605397154	587	0
328	164	82	39.36	1587648605406739	1587648605407324	585	0
329	164.5	82.25	39.48	1587648605416914	1587648605417499	585	0
330	165	82.5	39.6	1587648605427078	1587648605427567	489	0
331	165.5	82.75	39.72	1587648605437245	1587648605437828	583	0
332	166	83	39.84	1587648605447411	1587648605448004	593	0
333	166.5	83.25	39.96	1587648605457588	1587648605458150	562	0
334	167	83.5	40.08	1587648605467756	1587648605468344	588	0
335	167.5	83.75	40.2	1587648605477916	1587648605478503	587	0
336	168	84	40.32	1587648605488077	1587648605488633	556	0
337	168.5	84.25	40.44	1587648605498238	1587648605498823	585	0
338	169	84.5	40.56	1587648605508405	1587648605508994	589	0
339	169.5	84.75	40.68	1587648605518564	1587648605519146	582	0
340	170	85	40.8	1587648605528723	1587648605529315	592	0
341	170.5	85.25	40.92	1587648605538898	1587648605539494	596	0
342	171	85.5	41.04	1587648605549027	1587648605549597	570	0
343	171.5	85.75	41.16	1587648605559184	1587648605559771	587	0
344	172	86	41.28	1587648605569343	1587648605569914	571	0
345	172.5	86.25	41.4	1587648605579517	1587648605580066	549	0
346	173	86.5	41.52	1587648605589638	1587648605590215	577	0
347	173.5	86.75	41.64	1587648605599796	1587648605600376	580	0
348	174	87	41.76	1587648605609940	1587648605610468	528	0
349	174.5	87.25	41.88	1587648605620098	1587648605620678	580	0
350	175	87.5	42	1587648605630263	1587648605630859	596	0
351	175.5	87.75	42.12	1587648605640418	1587648605640981	563	0
352	176	88	42.24	1587648605650584	1587648605651154	570	0
353	176.5	88.25	42.36	1587648605660744	1587648605661314	570	0
354	177	88.5	42.48	1587648605670902	1587648605671475	573	0
355	177.5	88.75	42.6	1587648605681070	1587648605681673	603	0
356	178	89	42.72	1587648605691228	1587648605691814	586	0
357	178.5	89.25	42.84	1587648605701396	1587648605701980	584	0
358	179	89.5	42.96	1587648605711563	1587648605712150	587	0
359	179.5	89.75	43.08	1587648605721723	1587648605722276	553	0
360	180	90	43.2	1587648605731889	1587648605732471	582	0
361	180.5	90.25	43.32	1587648605742049	1587648605742635	586	0
362	181	90.5	43.44	1587648605752222	1587648605752808	586	0
363	181.5	90.75	43.56	1587648605762390	1587648605762971	581	0
364	182	91	43.68	1587648605772557	1587648605773139	582	0
365	182.5	91.25	43.8	1587648605782731	1587648605783316	585	0
366	183	91.5	43.92	1587648605792893	1587648605793478	585	0
367	183.5	91.75	44.04	1587648605803060	1587648605803644	584	0
368	184	92	44.16	1587648605813230	1587648605813830	600	0
369	184.5	92.25	44.28	1587648605823397	1587648605823993	596	0
370	185	92.5	44.4	1587648605833579	1587648605834135	556	0
371	185.5	92.75	44.52	1587648605843749	1587648605844333	584	0
372	186	93	44.64	1587648605853912	1587648605854494	582	0
373	186.5	93.25	44.76	1587648605864079	1587648605864658	579	0
374	187	93.5	44.88	1587648605874245	1587648605874831	586	0
375	187.5	93.75	45	1587648605884413	1587648605885002	589	0
376	188	94	45.12	1587648605894572	1587648605895156	584	0
377	188.5	94.25	45.24	1587648605904741	1587648605905335	594	0
378	189	94.5	45.36	1587648605914902	1587648605915486	584	0
379	189.5	94.75	45.48	1587648605925070	1587648605925665	595	0
380	190	95	45.6	1587648605935241	1587648605935826	585	0
381	190.5	95.25	45.72	1587648605945408	1587648605945986	578	0
382	191	95.5	45.84	1587648605955567	1587648605956152	585	0
383	191.5	95.75	45.96	1587648605965729	1587648605966281	552	0
384	192	96	46.08	1587648605975889	1587648605976476	587	0
385	192.5	96.25	46.2	1587648605986052	1587648605986610	558	0
386	193	96.5	46.32	1587648605996213	1587648605996790	577	0
387	193.5	96.75	46.44	1587648606006381	1587648606006933	552	0
388	194	97	46.56	1587648606016563	1587648606017058	495	0
389	194.5	97.25	46.68	1587648606026748	1587648606027254	506	0
390	195	97.5	46.8	1587648606036922	1587648606037474	552	0
391	195.5	97.75	46.92	1587648606047077	1587648606047644	567	0
392	196	98	47.04	1587648606057231	1587648606057781	550	0
393	196.5	98.25	47.16	1587648606067383	1587648606067892	509	0
394	197	98.5	47.28	1587648606077578	1587648606078105	527	0
395	197.5	98.75	47.4	1587648606087782	1587648606088256	474	0
396	198	99	47.52	1587648606097953	1587648606098414	461	0
397	198.5	99.25	47.64	1587648606108143	1587648606108639	496	0
398	199	99.5	47.76	1587648606118325	1587648606118874	549	0
399	199.5	99.75	47.88	1587648606128528	1587648606129003	475	0
400	200	100	48	1587648606138696	1587648606139252	556	0
401	200.5	100.25	48.12	1587648606148875	1587648606149330	455	0
402	201	100.5	48.24	1587648606159048	1587648606159604	556	0
403	201.5	100.75	48.36	1587648606169222	1587648606169775	553	0
404	202	101	48.48	1587648606179401	1587648606179946	545	0
405	202.5	101.25	48.6	1587648606189584	1587648606190044	460	0
406	203	101.5	48.72	1587648606199747	1587648606200311	564	0
407	203.5	101.75	48.84	1587648606209900	1587648606210445	545	0
408	204	102	48.96	1587648606220072	1587648606220640	568	0
409	204.5	102.25	49.08	1587648606230252	1587648606230715	463	0
410	205	102.5	49.2	1587648606240422	1587648606240975	553	0
411	205.5	102.75	49.32	1587648606250607	1587648606251068	461	0
412	206	103	49.44	1587648606260787	1587648606261253	466	0
413	206.5	103.25	49.56	1587648606270958	1587648606271534	576	0
414	207	103.5	49.68	1587648606281146	1587648606281628	482	0
415	207.5	103.75	49.8	1587648606291331	1587648606291899	568	0
416	208	104	49.92	1587648606301489	1587648606301977	488	0
417	208.5	104.25	50.04	1587648606311685	1587648606312126	441	0
418	209	104.5	50.16	1587648606321835	1587648606322282	447	0
419	209.5	104.75	50.28	1587648606332028	1587648606332466	438	0
420	210	105	50.4	1587648606342199	1587648606342756	557	0
421	210.5	105.25	50.52	1587648606352362	1587648606352913	551	0
422	211	105.5	50.64	1587648606362548	1587648606363015	467	0
423	211.5	105.75	50.76	1587648606372754	1587648606373216	462	0
424	212	106	50.88	1587648606382953	1587648606383422	469	0
425	212.5	106.25	51	1587648606393150	1587648606393725	575	0
426	213	106.5	51.12	1587648606403352	1587648606403917	565	0
427	213.5	106.75	51.24	1587648606413535	1587648606414005	470	0
428	214	107	51.36	1587648606423729	1587648606424315	586	0
429	214.5	107.25	51.48	1587648606433887	1587648606434438	551	0
430	215	107.5	51.6	1587648606444075	1587648606444638	563	0
431	215.5	107.75	51.72	1587648606454241	1587648606454805	564	0
432	216	108	51.84	1587648606464423	1587648606464984	561	0
433	216.5	108.25	51.96	1587648606474620	1587648606475180	560	0
434	217	108.5	52.08	1587648606484819	1587648606485385	566	0
435	217.5	108.75	52.2	1587648606495003	1587648606495554	551	0
436	218	109	52.32	1587648606505209	1587648606505784	575	0
437	218.5	109.25	52.44	1587648606515408	1587648606515976	568	0
438	219	109.5	52.56	1587648606525612	1587648606526135	523	0
439	219.5	109.75	52.68	1587648606535809	1587648606536357	548	0
440	220	110	52.8	1587648606546020	1587648606546561	541	0
441	220.5	110.25	52.92	1587648606556178	1587648606556751	573	0
442	221	110.5	53.04	1587648606566371	1587648606566922	551	0
443	221.5	110.75	53.16	1587648606576568	1587648606577132	564	0
444	222	111	53.28	1587648606586752	1587648606587298	546	0
445	222.5	111.25	53.4	1587648606596943	1587648606597491	548	0
446	223	111.5	53.52	1587648606607141	1587648606607693	552	0
447	223.5	111.75	53.64	1587648606617348	1587648606617860	512	0
448	224	112	53.76	1587648606627545	1587648606628103	558	0
449	224.5	112.25	53.88	1587648606637733	1587648606638253	520	0
450	225	112.5	54	1587648606647931	1587648606648470	539	0
451	225.5	112.75	54.12	1587648606658094	1587648606658657	563	0
452	226	113	54.24	1587648606668272	1587648606668836	564	0
453	226.5	113.25	54.36	1587648606678441	1587648606679011	570	0
454	227	113.5	54.48	1587648606688589	1587648606689158	569	0
455	227.5	113.75	54.6	1587648606698744	1587648606699322	578	0
456	228	114	54.72	1587648606708895	1587648606709460	565	0
457	228.5	114.25	54.84	1587648606719068	1587648606719631	563	0
458	229	114.5	54.96	1587648606729238	1587648606729835	597	0
459	229.5	114.75	55.08	1587648606739403	1587648606740951	1548	0
460	230	115	55.2	1587648606749595	1587648606750057	462	0
461	230.5	115.25	55.32	1587648606759771	1587648606760334	563	0
462	231	115.5	55.44	1587648606769895	1587648606770455	560	0
463	231.5	115.75	55.56	1587648606780081	1587648606780633	552	0
464	232	116	55.68	1587648606790272	1587648606790824	552	0
465	232.5	116.25	55.8	1587648606800443	1587648606801659	1216	0
466	233	116.5	55.92	1587648606810570	1587648606811148	578	0
467	233.5	116.75	56.04	1587648606820721	1587648606821295	574	0
468	234	117	56.16	1587648606830849	1587648606831431	582	0
469	234.5	117.25	56.28	1587648606840954	1587648606842043	1089	0
470	235	117.5	56.4	1587648606851054	1587648606851652	598	0
471	235.5	117.75	56.52	1587648606861217	1587648606861814	597	0
472	236	118	56.64	1587648606871396	1587648606871979	583	0
473	236.5	118.25	56.76	1587648606881556	1587648606882122	566	0
474	237	118.5	56.88	1587648606891737	1587648606892316	579	0
475	237.5	118.75	57	1587648606901898	1587648606902476	578	0
476	238	119	57.12	1587648606912068	1587648606912647	579	0
477	238.5	119.25	57.24	1587648606922198	1587648606922784	586	0
478	239	119.5	57.36	1587648606932365	1587648606932946	581	0
479	239.5	119.75	57.48	1587648606942524	1587648606943201	677	0
480	240	120	57.6	1587648606952695	1587648606953278	583	0
481	240.5	120.25	57.72	1587648606962867	1587648606963446	579	0
482	241	120.5	57.84	1587648606973026	1587648606973626	600	0
483	241.5	120.75	57.96	1587648606983206	1587648606983788	582	0
484	242	121	58.08	1587648606993403	1587648606993973	570	0
485	242.5	121.25	58.2	1587648607003573	1587648607004153	580	0
486	243	121.5	58.32	1587648607013734	1587648607014282	548	0
487	243.5	121.75	58.44	1587648607023864	1587648607024440	576	0
488	244	122	58.56	1587648607034030	1587648607034609	579	0
489	244.5	122.25	58.68	1587648607044193	1587648607044739	546	0
490	245	122.5	58.8	1587648607054360	1587648607054944	584	0
491	245.5	122.75	58.92	1587648607064527	1587648607065110	583	0
492	246	123	59.04	1587648607074698	1587648607075281	583	0
493	246.5	123.25	59.16	1587648607084878	1587648607085456	578	0
494	247	123.5	59.28	1587648607095047	1587648607095629	582	0
495	247.5	123.75	59.4	1587648607105209	1587648607105797	588	0
496	248	124	59.52	1587648607115391	1587648607115973	582	0
497	248.5	124.25	59.64	1587648607125557	1587648607126125	568	0
498	249	124.5	59.76	1587648607135747	1587648607136321	574	0
499	249.5	124.75	59.88	1587648607145912	1587648607146489	577	0
500	250	125	60	1587648607156042	1587648607156623	581	0
501	250.5	125.25	60.12	1587648607166215	1587648607166754	539	0
502	251	125.5	60.24	1587648607176387	1587648607176977	590	0
503	251.5	125.75	60.36	1587648607186547	1587648607187134	587	0
504	252	126	60.48	1587648607196719	1587648607197299	580	0
505	252.5	126.25	60.6	1587648607206885	1587648607207468	583	0
506	253	126.5	60.72	1587648607217052	1587648607217647	595	0
507	253.5	126.75	60.84	1587648607227219	1587648607227805	586	0
508	254	127	60.96	1587648607237385	1587648607237960	575	0
509	254.5	127.25	61.08	1587648607247556	1587648607248133	577	0
510	255	127.5	61.2	1587648607257718	1587648607258265	547	0
511	255.5	127.75	61.32	1587648607267896	1587648607268516	620	0
512	256	128	61.44	1587648607278073	1587648607278684	611	0
513	256.5	128.25	61.56	1587648607288239	1587648607288858	619	0
514	257	128.5	61.68	1587648607298406	1587648607299020	614	0
515	257.5	128.75	61.8	1587648607308576	1587648607309192	616	0
516	258	129	61.92	1587648607318745	1587648607319355	610	0
517	258.5	129.25	62.04	1587648607328905	1587648607329513	608	0
518	259	129.5	62.16	1587648607339078	1587648607339686	608	0
519	259.5	129.75	62.28	1587648607349208	1587648607349790	582	0
520	260	130	62.4	1587648607359374	1587648607359909	535	0
521	260.5	130.25	62.52	1587648607369540	1587648607370035	495	0
522	261	130.5	62.64	1587648607379706	1587648607380252	546	0
523	261.5	130.75	62.76	1587648607389866	1587648607390436	570	0
524	262	131	62.88	1587648607400030	1587648607400599	569	0
525	262.5	131.25	63	1587648607410195	1587648607410753	558	0
526	263	131.5	63.12	1587648607420361	1587648607420932	571	0
527	263.5	131.75	63.24	1587648607430531	1587648607431105	574	0
528	264	132	63.36	1587648607440701	1587648607441272	571	0
529	264.5	132.25	63.48	1587648607450882	1587648607451451	569	0
530	265	132.5	63.6	1587648607461050	1587648607461639	589	0
531	265.5	132.75	63.72	1587648607471217	1587648607471791	574	0
532	266	133	63.84	1587648607481382	1587648607481916	534	0
533	266.5	133.25	63.96	1587648607491549	1587648607492120	571	0
534	267	133.5	64.08	1587648607501710	1587648607502279	569	0
535	267.5	133.75	64.2	1587648607511881	1587648607512450	569	0
536	268	134	64.32	1587648607522060	1587648607522631	571	0
537	268.5	134.25	64.44	1587648607532218	1587648607532789	571	0
538	269	134.5	64.56	1587648607542391	1587648607542968	577	0
539	269.5	134.75	64.68	1587648607552558	1587648607553131	573	0
540	270	135	64.8	1587648607562736	1587648607563306	570	0
541	270.5	135.25	64.92	1587648607572903	1587648607573473	570	0
542	271	135.5	65.04	1587648607583080	1587648607583654	574	0
543	271.5	135.75	65.16	1587648607593247	1587648607593796	549	0
544	272	136	65.28	1587648607603417	1587648607603990	573	0
545	272.5	136.25	65.4	1587648607613602	1587648607614161	559	0
546	273	136.5	65.52	1587648607623786	1587648607624360	574	0
547	273.5	136.75	65.64	1587648607633915	1587648607634485	570	0
548	274	137	65.76	1587648607644083	1587648607644653	570	0
549	274.5	137.25	65.88	1587648607654270	1587648607654842	572	0
550	275	137.5	66	1587648607664438	1587648607665011	573	0
551	275.5	137.75	66.12	1587648607674606	1587648607675176	570	0
552	276	138	66.24	1587648607684772	1587648607685345	573	0
553	276.5	138.25	66.36	1587648607694932	1587648607695503	571	0
554	277	138.5	66.48	1587648607705092	1587648607705674	582	0
555	277.5	138.75	66.6	1587648607715276	1587648607715849	573	0
556	278	139	66.72	1587648607725445	1587648607725940	495	0
557	278.5	139.25	66.84	1587648607735609	1587648607736179	570	0
558	279	139.5	66.96	1587648607745732	1587648607746284	552	0
559	279.5	139.75	67.08	1587648607755896	1587648607756465	569	0
560	280	140	67.2	1587648607766075	1587648607766644	569	0
561	280.5	140.25	67.32	1587648607776246	1587648607776817	571	0
562	281	140.5	67.44	1587648607786424	1587648607786996	572	0
563	281.5	140.75	67.56	1587648607796591	1587648607797148	557	0
564	282	141	67.68	1587648607806757	1587648607807331	574	0
565	282.5	141.25	67.8	1587648607816925	1587648607817495	570	0
566	283	141.5	67.92	1587648607827090	1587648607827660	570	0
567	283.5	141.75	68.04	1587648607837251	1587648607837852	601	0
568	284	142	68.16	1587648607847418	1587648607847988	570	0
569	284.5	142.25	68.28	1587648607857599	1587648607858054	455	0
570	285	142.5	68.4	1587648607867766	1587648607868337	571	0
571	285.5	142.75	68.52	1587648607877926	1587648607878497	571	0
572	286	143	68.64	1587648607888093	1587648607888663	570	0
573	286.5	143.25	68.76	1587648607898270	1587648607898843	573	0
574	287	143.5	68.88	1587648607908437	1587648607909009	572	0
575	287.5	143.75	69	1587648607918609	1587648607919180	571	0
576	288	144	69.12	1587648607928778	1587648607929349	571	0
577	288.5	144.25	69.24	1587648607938945	1587648607939513	568	0
578	289	144.5	69.36	1587648607949113	1587648607949685	572	0
579	289.5	144.75	69.48	1587648607959284	1587648607959855	571	0
580	290	145	69.6	1587648607969455	1587648607969935	480	0
581	290.5	145.25	69.72	1587648607979622	1587648607980193	571	0
582	291	145.5	69.84	1587648607989782	1587648607990351	569	0
583	291.5	145.75	69.96	1587648607999949	1587648608000517	568	0
584	292	146	70.08	1587648608010122	1587648608010693	571	0
585	292.5	146.25	70.2	1587648608020292	1587648608020863	571	0
586	293	146.5	70.32	1587648608030460	1587648608031029	569	0
587	293.5	146.75	70.44	1587648608040629	1587648608041202	573	0
588	294	147	70.56	1587648608050800	1587648608051368	568	0
589	294.5	147.25	70.68	1587648608060967	1587648608061535	568	0
590	295	147.5	70.8	1587648608071136	1587648608071708	572	0
591	295.5	147.75	70.92	1587648608081303	1587648608081854	551	0
592	296	148	71.04	1587648608091471	1587648608092042	571	0
593	296.5	148.25	71.16	1587648608101644	1587648608102137	493	0
594	297	148.5	71.28	1587648608111815	1587648608112388	573	0
595	297.5	148.75	71.4	1587648608121984	1587648608122554	570	0
596	298	149	71.52	1587648608132155	1587648608132724	569	0
597	298.5	149.25	71.64	1587648608142331	1587648608142905	574	0
598	299	149.5	71.76	1587648608152499	1587648608153075	576	0
599	299.5	149.75	71.88	1587648608162667	1587648608163237	570	0
600	300	150	72	1587648608172838	1587648608173408	570	0
601	300.5	150.25	72.12	1587648608183028	1587648608183598	570	0
602	301	150.5	72.24	1587648608193201	1587648608193746	545	0
603	301.5	150.75	72.36	1587648608203369	1587648608203942	573	0
604	302	151	72.48	1587648608213536	1587648608214032	496	0
605	302.5	151.25	72.6	1587648608223702	1587648608224272	570	0
606	303	151.5	72.72	1587648608233867	1587648608234439	572	0
607	303.5	151.75	72.84	1587648608244034	1587648608244607	573	0
608	304	152	72.96	1587648608254202	1587648608254777	575	0
609	304.5	152.25	73.08	1587648608264371	1587648608264944	573	0
610	305	152.5	73.2	1587648608274539	1587648608275109	570	0
611	305.5	152.75	73.32	1587648608284709	1587648608285280	571	0
612	306	153	73.44	1587648608294879	1587648608295449	570	0
613	306.5	153.25	73.56	1587648608305053	1587648608305652	599	0
614	307	153.5	73.68	1587648608315222	1587648608315793	571	0
615	307.5	153.75	73.8	1587648608325392	1587648608325914	522	0
616	308	154	73.92	1587648608335560	1587648608336129	569	0
617	308.5	154.25	74.04	1587648608345721	1587648608346293	572	0
618	309	154.5	74.16	1587648608355888	1587648608356458	570	0
619	309.5	154.75	74.28	1587648608366063	1587648608366637	574	0
620	310	155	74.4	1587648608376238	1587648608376812	574	0
621	310.5	155.25	74.52	1587648608386412	1587648608386986	574	0
622	311	155.5	74.64	1587648608396580	1587648608397151	571	0
623	311.5	155.75	74.76	1587648608406751	1587648608407320	569	0
624	312	156	74.88	1587648608416921	1587648608417491	570	0
625	312.5	156.25	75	1587648608427100	1587648608427675	575	0
626	313	156.5	75.12	1587648608437270	1587648608437825	555	0
627	313.5	156.75	75.24	1587648608447432	1587648608448004	572	0
628	314	157	75.36	1587648608457609	1587648608458128	519	0
629	314.5	157.25	75.48	1587648608467781	1587648608468303	522	0
630	315	157.5	75.6	1587648608477950	1587648608478525	575	0
631	315.5	157.75	75.72	1587648608488118	1587648608488690	572	0
632	316	158	75.84	1587648608498282	1587648608498852	570	0
633	316.5	158.25	75.96	1587648608508453	1587648608509022	569	0
634	317	158.5	76.08	1587648608518616	1587648608519189	573	0
635	317.5	158.75	76.2	1587648608528786	1587648608529372	586	0
636	318	159	76.32	1587648608538957	1587648608539526	569	0
637	318.5	159.25	76.44	1587648608549124	1587648608549678	554	0
638	319	159.5	76.56	1587648608559299	1587648608559872	573	0
639	319.5	159.75	76.68	1587648608569478	1587648608569962	484	0
640	320	160	76.8	1587648608579645	1587648608580217	572	0
641	320.5	160.25	76.92	1587648608589805	1587648608590372	567	0
642	321	160.5	77.04	1587648608599990	1587648608600560	570	0
643	321.5	160.75	77.16	1587648608610160	1587648608610730	570	0
644	322	161	77.28	1587648608620337	1587648608620909	572	0
645	322.5	161.25	77.4	1587648608630522	1587648608631092	570	0
646	323	161.5	77.52	1587648608640688	1587648608641258	570	0
647	323.5	161.75	77.64	1587648608650854	1587648608651427	573	0
648	324	162	77.76	1587648608661024	1587648608661606	582	0
649	324.5	162.25	77.88	1587648608671190	1587648608671725	535	0
650	325	162.5	78	1587648608681361	1587648608681930	569	0
651	325.5	162.75	78.12	1587648608691530	1587648608692102	572	0
652	326	163	78.24	1587648608701690	1587648608702213	523	0
653	326.5	163.25	78.36	1587648608711858	1587648608712427	569	0
654	327	163.5	78.48	1587648608722025	1587648608722591	566	0
655	327.5	163.75	78.6	1587648608732192	1587648608732762	570	0
656	328	164	78.72	1587648608742368	1587648608742940	572	0
657	328.5	164.25	78.84	1587648608752538	1587648608753106	568	0
658	329	164.5	78.96	1587648608762698	1587648608764286	1588	0
659	329.5	164.75	79.08	1587648608772858	1587648608773425	567	0
660	330	165	79.2	1587648608783017	1587648608783587	570	0
661	330.5	165.25	79.32	1587648608793176	1587648608793770	594	0
662	331	165.5	79.44	1587648608803338	1587648608803907	569	0
663	331.5	165.75	79.56	1587648608813498	1587648608813968	470	0
664	332	166	79.68	1587648608823658	1587648608824227	569	0
665	332.5	166.25	79.8	1587648608833818	1587648608834380	562	0
666	333	166.5	79.92	1587648608843985	1587648608844552	567	0
667	333.5	166.75	80.04	1587648608854155	1587648608854726	571	0
668	334	167	80.16	1587648608864322	1587648608865642	1320	0
669	334.5	167.25	80.28	1587648608874488	1587648608875061	573	0
670	335	167.5	80.4	1587648608884666	1587648608885235	569	0
671	335.5	167.75	80.52	1587648608894836	1587648608895403	567	0
672	336	168	80.64	1587648608905003	1587648608905588	585	0
673	336.5	168.25	80.76	1587648608915173	1587648608915746	573	0
674	337	168.5	80.88	1587648608925349	1587648608925911	562	0
675	337.5	168.75	81	1587648608935531	1587648608936112	581	0
676	338	169	81.12	1587648608945689	1587648608946250	561	0
677	338.5	169.25	81.24	1587648608955857	1587648608956427	570	0
678	339	169.5	81.36	1587648608966023	1587648608966873	850	0
679	339.5	169.75	81.48	1587648608976189	1587648608976764	575	0
680	340	170	81.6	1587648608986341	1587648608986911	570	0
681	340.5	170.25	81.72	1587648608996509	1587648608997080	571	0
682	341	170.5	81.84	1587648609006690	1587648609007260	570	0
683	341.5	170.75	81.96	1587648609016885	1587648609017454	569	0
684	342	171	82.08	1587648609027051	1587648609027624	573	0
685	342.5	171.25	82.2	1587648609037222	1587648609037811	589	0
686	343	171.5	82.32	1587648609047389	1587648609047960	571	0
687	343.5	171.75	82.44	1587648609057557	1587648609058004	447	0
688	344	172	82.56	1587648609067737	1587648609068232	495	0
689	344.5	172.25	82.68	1587648609077898	1587648609078469	571	0
690	345	172.5	82.8	1587648609088076	1587648609088651	575	0
691	345.5	172.75	82.92	1587648609098247	1587648609098820	573	0
692	346	173	83.04	1587648609108414	1587648609108985	571	0
693	346.5	173.25	83.16	1587648609118586	1587648609119157	571	0
694	347	173.5	83.28	1587648609128750	1587648609129323	573	0
695	347.5	173.75	83.4	1587648609138921	1587648609139446	525	0
696	348	174	83.52	1587648609149087	1587648609149662	575	0
697	348.5	174.25	83.64	1587648609159283	1587648609159856	573	0
698	349	174.5	83.76	1587648609169455	1587648609169955	500	0
699	349.5	174.75	83.88	1587648609179622	1587648609180194	572	0
700	350	175	84	1587648609189782	1587648609190295	513	0
701	350.5	175.25	84.12	1587648609199953	1587648609200525	572	0
702	351	175.5	84.24	1587648609210137	1587648609210710	573	0
703	351.5	175.75	84.36	1587648609220308	1587648609220877	569	0
704	352	176	84.48	1587648609230479	1587648609231052	573	0
705	352.5	176.25	84.6	1587648609240645	1587648609241216	571	0
706	353	176.5	84.72	1587648609250840	1587648609251410	570	0
707	353.5	176.75	84.84	1587648609261007	1587648609261598	591	0
708	354	177	84.96	1587648609271176	1587648609271751	575	0
709	354.5	177.25	85.08	1587648609281345	1587648609281906	561	0
710	355	177.5	85.2	1587648609291512	1587648609292084	572	0
711	355.5	177.75	85.32	1587648609301645	1587648609302201	556	0
712	356	178	85.44	1587648609311816	1587648609312386	570	0
713	356.5	178.25	85.56	1587648609321985	1587648609322559	574	0
714	357	178.5	85.68	1587648609332152	1587648609332723	571	0
715	357.5	178.75	85.8	1587648609342331	1587648609342906	575	0
716	358	179	85.92	1587648609352502	1587648609353072	570	0
717	358.5	179.25	86.04	1587648609362675	1587648609363244	569	0
718	359	179.5	86.16	1587648609372842	1587648609373414	572	0
719	359.5	179.75	86.28	1587648609383030	1587648609383599	569	0
720	360	180	86.4	1587648609393196	1587648609393749	553	0
721	360.5	180.25	86.52	1587648609403374	1587648609403945	571	0
722	361	180.5	86.64	1587648609413541	1587648609414038	497	0
723	361.5	180.75	86.76	1587648609423726	1587648609424295	569	0
724	362	181	86.88	1587648609433893	1587648609434465	572	0
725	362.5	181.25	87	1587648609444057	1587648609444572	515	0
726	363	181.5	87.12	1587648609454228	1587648609454802	574	0
727	363.5	181.75	87.24	1587648609464402	1587648609464980	578	0
728	364	182	87.36	1587648609474572	1587648609475145	573	0
729	364.5	182.25	87.48	1587648609484738	1587648609485310	572	0
730	365	182.5	87.6	1587648609494907	1587648609495477	570	0
731	365.5	182.75	87.72	1587648609505078	1587648609505681	603	0
732	366	183	87.84	1587648609515248	1587648609515821	573	0
733	366.5	183.25	87.96	1587648609525414	1587648609525909	495	0
734	367	183.5	88.08	1587648609535582	1587648609536154	572	0
735	367.5	183.75	88.2	1587648609545743	1587648609546284	541	0
736	368	184	88.32	1587648609555913	1587648609556481	568	0
737	368.5	184.25	88.44	1587648609566083	1587648609566652	569	0
738	369	184.5	88.56	1587648609576263	1587648609576841	578	0
739	369.5	184.75	88.68	1587648609586443	1587648609587015	572	0
740	370	185	88.8	1587648609596610	1587648609597185	575	0
741	370.5	185.25	88.92	1587648609606777	1587648609607349	572	0
742	371	185.5	89.04	1587648609616957	1587648609617526	569	0
743	371.5	185.75	89.16	1587648609627125	1587648609627701	576	0
744	372	186	89.28	1587648609637292	1587648609637876	584	0
745	372.5	186.25	89.4	1587648609647462	1587648609648032	570	0
746	373	186.5	89.52	1587648609657632	1587648609658149	517	0
747	373.5	186.75	89.64	1587648609667796	1587648609668372	576	0
748	374	187	89.76	1587648609677958	1587648609678526	568	0
749	374.5	187.25	89.88	1587648609688124	1587648609688696	572	0
750	375	187.5	90	1587648609698301	1587648609698876	575	0
751	375.5	187.75	90.12	1587648609708468	1587648609709043	575	0
752	376	188	90.24	1587648609718637	1587648609719208	571	0
753	376.5	188.25	90.36	1587648609728804	1587648609729378	574	0
754	377	188.5	90.48	1587648609738971	1587648609739546	575	0
755	377.5	188.75	90.6	1587648609749144	1587648609749739	595	0
756	378	189	90.72	1587648609759316	1587648609759890	574	0
757	378.5	189.25	90.84	1587648609769483	1587648609769982	499	0
758	379	189.5	90.96	1587648609779654	1587648609780231	577	0
759	379.5	189.75	91.08	1587648609789814	1587648609790380	566	0
760	380	190	91.2	1587648609799981	1587648609800551	570	0
761	380.5	190.25	91.32	1587648609810153	1587648609810727	574	0
762	381	190.5	91.44	1587648609820316	1587648609820890	574	0
763	381.5	190.75	91.56	1587648609830485	1587648609831031	546	0
764	382	191	91.68	1587648609840655	1587648609841226	571	0
765	382.5	191.25	91.8	1587648609850837	1587648609851406	569	0
766	383	191.5	91.92	1587648609861004	1587648609861590	586	0
767	383.5	191.75	92.04	1587648609871176	1587648609871752	576	0
768	384	192	92.16	1587648609881351	1587648609881913	562	0
769	384.5	192.25	92.28	1587648609891517	1587648609892090	573	0
770	385	192.5	92.4	1587648609901682	1587648609902176	494	0
771	385.5	192.75	92.52	1587648609911851	1587648609912420	569	0
772	386	193	92.64	1587648609922022	1587648609922599	577	0
773	386.5	193.25	92.76	1587648609932200	1587648609932770	570	0
774	387	193.5	92.88	1587648609942377	1587648609942945	568	0
775	387.5	193.75	93	1587648609952507	1587648609953080	573	0
776	388	194	93.12	1587648609962611	1587648609963190	579	0
777	388.5	194.25	93.24	1587648609972703	1587648609973288	585	0
778	389	194.5	93.36	1587648609982861	1587648609983434	573	0
779	389.5	194.75	93.48	1587648609993028	1587648609993616	588	0
780	390	195	93.6	1587648610003193	1587648610003766	573	0
781	390.5	195.25	93.72	1587648610013361	1587648610013928	567	0
782	391	195.5	93.84	1587648610023528	1587648610024102	574	0
783	391.5	195.75	93.96	1587648610033689	1587648610034238	549	0
784	392	196	94.08	1587648610043869	1587648610044454	585	0
785	392.5	196.25	94.2	1587648610054036	1587648610054610	574	0
786	393	196.5	94.32	1587648610064207	1587648610064777	570	0
787	393.5	196.75	94.44	1587648610074377	1587648610074952	575	0
788	394	197	94.56	1587648610084546	1587648610085117	571	0
789	394.5	197.25	94.68	1587648610094716	1587648610095289	573	0
790	395	197.5	94.8	1587648610104897	1587648610105466	569	0
791	395.5	197.75	94.92	1587648610115059	1587648610115632	573	0
792	396	198	95.04	1587648610125233	1587648610125822	589	0
793	396.5	198.25	95.16	1587648610135404	1587648610135977	573	0
794	397	198.5	95.28	1587648610145584	1587648610146061	477	0
795	397.5	198.75	95.4	1587648610155759	1587648610156330	571	0
796	398	199	95.52	1587648610165918	1587648610166495	577	0
797	398.5	199.25	95.64	1587648610176085	1587648610176657	572	0
798	399	199.5	95.76	1587648610186252	1587648610186825	573	0
799	399.5	199.75	95.88	1587648610196423	1587648610197001	578	0
800	400	200	96	1587648610206589	1587648610207158	569	0
801	400.5	200.25	96.12	1587648610216761	1587648610217315	554	0
802	401	200.5	96.24	1587648610226929	1587648610227500	571	0
803	401.5	200.75	96.36	1587648610237096	1587648610237670	574	0
804	402	201	96.48	1587648610247266	1587648610247837	571	0
805	402.5	201.25	96.6	1587648610257433	1587648610257921	488	0
806	403	201.5	96.72	1587648610267597	1587648610268166	569	0
807	403.5	201.75	96.84	1587648610277756	1587648610278322	566	0
808	404	202	96.96	1587648610287928	1587648610288498	570	0
809	404.5	202.25	97.08	1587648610298097	1587648610298670	573	0
810	405	202.5	97.2	1587648610308274	1587648610308846	572	0
811	405.5	202.75	97.32	1587648610318438	1587648610318947	509	0
812	406	203	97.44	1587648610328607	1587648610329178	571	0
813	406.5	203.25	97.56	1587648610338774	1587648610339344	570	0
814	407	203.5	97.68	1587648610348941	1587648610349511	570	0
815	407.5	203.75	97.8	1587648610359108	1587648610359679	571	0
816	408	204	97.92	1587648610369277	1587648610369865	588	0
817	408.5	204.25	98.04	1587648610379448	1587648610380021	573	0
818	409	204.5	98.16	1587648610389623	1587648610390140	517	0
819	409.5	204.75	98.28	1587648610399792	1587648610400362	570	0
820	410	205	98.4	1587648610409963	1587648610410532	569	0
821	410.5	205.25	98.52	1587648610420134	1587648610420707	573	0
822	411	205.5	98.64	1587648610430309	1587648610430881	572	0
823	411.5	205.75	98.76	1587648610440476	1587648610441046	570	0
824	412	206	98.88	1587648610450643	1587648610451217	574	0
825	412.5	206.25	99	1587648610460815	1587648610461388	573	0
826	413	206.5	99.12	1587648610470983	1587648610471555	572	0
827	413.5	206.75	99.24	1587648610481154	1587648610481752	598	0
828	414	207	99.36	1587648610491328	1587648610491900	572	0
829	414.5	207.25	99.48	1587648610501494	1587648610501987	493	0
830	415	207.5	99.6	1587648610511679	1587648610512250	571	0
831	415.5	207.75	99.72	1587648610521841	1587648610522409	568	0
832	416	208	99.84	1587648610532008	1587648610532545	537	0
833	416.5	208.25	99.96	1587648610542175	1587648610542769	594	0
834	417	208.5	100.08	1587648610552349	1587648610552918	569	0
835	417.5	208.75	100.2	1587648610562531	1587648610563107	576	0
836	418	209	100.32	1587648610572701	1587648610573269	568	0
837	418.5	209.25	100.44	1587648610582866	1587648610583435	569	0
838	419	209.5	100.56	1587648610593036	1587648610593626	590	0
839	419.5	209.75	100.68	1587648610603204	1587648610603775	571	0
840	420	210	100.8	1587648610613373	1587648610613906	533	0
841	420.5	210.25	100.92	1587648610623503	1587648610624075	572	0
842	421	210.5	101.04	1587648610633668	1587648610634156	488	0
843	421.5	210.75	101.16	1587648610643835	1587648610644407	572	0
844	422	211	101.28	1587648610654005	1587648610654543	538	0
845	422.5	211.25	101.4	1587648610664172	1587648610664747	575	0
846	423	211.5	101.52	1587648610674345	1587648610674922	577	0
847	423.5	211.75	101.64	1587648610684512	1587648610685083	571	0
848	424	212	101.76	1587648610694679	1587648610695248	569	0
849	424.5	212.25	101.88	1587648610704844	1587648610705355	511	0
850	425	212.5	102	1587648610715004	1587648610715573	569	0
851	425.5	212.75	102.12	1587648610725171	1587648610725733	562	0
852	426	213	102.24	1587648610735347	1587648610735921	574	0
853	426.5	213.25	102.36	1587648610745514	1587648610746013	499	0
854	427	213.5	102.48	1587648610755682	1587648610756253	571	0
855	427.5	213.75	102.6	1587648610765844	1587648610766411	567	0
856	428	214	102.72	1587648610776016	1587648610776588	572	0
857	428.5	214.25	102.84	1587648610786183	1587648610786760	577	0
858	429	214.5	102.96	1587648610796357	1587648610796932	575	0
859	429.5	214.75	103.08	1587648610806526	1587648610807098	572	0
860	430	215	103.2	1587648610816695	1587648610817266	571	0
861	430.5	215.25	103.32	1587648610826862	1587648610827434	572	0
862	431	215.5	103.44	1587648610837041	1587648610837630	589	0
863	431.5	215.75	103.56	1587648610847204	1587648610847779	575	0
864	432	216	103.68	1587648610857362	1587648610857895	533	0
865	432.5	216.25	103.8	1587648610867529	1587648610868100	571	0
866	433	216.5	103.92	1587648610877693	1587648610878262	569	0
867	433.5	216.75	104.04	1587648610887860	1587648610888416	556	0
868	434	217	104.16	1587648610898041	1587648610898611	570	0
869	434.5	217.25	104.28	1587648610908209	1587648610908780	571	0
870	435	217.5	104.4	1587648610918407	1587648610918982	575	0
871	435.5	217.75	104.52	1587648610928573	1587648610929143	570	0
872	436	218	104.64	1587648610938740	1587648610939310	570	0
873	436.5	218.25	104.76	1587648610948908	1587648610949479	571	0
874	437	218.5	104.88	1587648610959083	1587648610959652	569	0
875	437.5	218.75	105	1587648610969238	1587648610969825	587	0
876	438	219	105.12	1587648610979368	1587648610979943	575	0
877	438.5	219.25	105.24	1587648610989501	1587648610991096	1595	0
878	439	219.5	105.36	1587648610999657	1587648611000234	577	0
879	439.5	219.75	105.48	1587648611009786	1587648611010355	569	0
880	440	220	105.6	1587648611019913	1587648611020491	578	0
881	440.5	220.25	105.72	1587648611030040	1587648611030612	572	0
882	441	220.5	105.84	1587648611040167	1587648611040708	541	0
883	441.5	220.75	105.96	1587648611050294	1587648611050869	575	0
884	442	221	106.08	1587648611060421	1587648611060993	572	0
885	442.5	221.25	106.2	1587648611070548	1587648611071117	569	0
886	443	221.5	106.32	1587648611080675	1587648611081249	574	0
887	443.5	221.75	106.44	1587648611090800	1587648611092340	1540	0
888	444	222	106.56	1587648611100924	1587648611101495	571	0
889	444.5	222.25	106.68	1587648611111051	1587648611111624	573	0
890	445	222.5	106.8	1587648611121178	1587648611121773	595	0
891	445.5	222.75	106.92	1587648611131324	1587648611131915	591	0
892	446	223	107.04	1587648611141451	1587648611141952	501	0
893	446.5	223.25	107.16	1587648611151577	1587648611152150	573	0
894	447	223.5	107.28	1587648611161705	1587648611162271	566	0
895	447.5	223.75	107.4	1587648611171833	1587648611172404	571	0
896	448	224	107.52	1587648611181960	1587648611182531	571	0
897	448.5	224.25	107.64	1587648611192085	1587648611193637	1552	0
898	449	224.5	107.76	1587648611202208	1587648611202781	573	0
899	449.5	224.75	107.88	1587648611212335	1587648611212903	568	0
900	450	225	108	1587648611222461	1587648611223034	573	0
901	450.5	225.25	108.12	1587648611232591	1587648611233162	571	0
902	451	225.5	108.24	1587648611242718	1587648611243291	573	0
903	451.5	225.75	108.36	1587648611252845	1587648611253415	570	0
904	452	226	108.48	1587648611262971	1587648611263546	575	0
905	452.5	226.25	108.6	1587648611273140	1587648611273718	578	0
906	453	226.5	108.72	1587648611283329	1587648611283901	572	0
907	453.5	226.75	108.84	1587648611293489	1587648611294819	1330	0
908	454	227	108.96	1587648611303658	1587648611304232	574	0
909	454.5	227.25	109.08	1587648611313819	1587648611314385	566	0
910	455	227.5	109.2	1587648611323985	1587648611324558	573	0
911	455.5	227.75	109.32	1587648611334156	1587648611334729	573	0
912	456	228	109.44	1587648611344339	1587648611344909	570	0
913	456.5	228.25	109.56	1587648611354523	1587648611355100	577	0
914	457	228.5	109.68	1587648611364689	1587648611365263	574	0
915	457.5	228.75	109.8	1587648611374855	1587648611375423	568	0
916	458	229	109.92	1587648611385015	1587648611385605	590	0
917	458.5	229.25	110.04	1587648611395178	1587648611395920	742	0
918	459	229.5	110.16	1587648611405337	1587648611405905	568	0
919	459.5	229.75	110.28	1587648611415507	1587648611416077	570	0
920	460	230	110.4	1587648611425669	1587648611426238	569	0
921	460.5	230.25	110.52	1587648611435834	1587648611436408	574	0
922	461	230.5	110.64	1587648611445984	1587648611446554	570	0
923	461.5	230.75	110.76	1587648611456150	1587648611456723	573	0
924	462	231	110.88	1587648611466335	1587648611466910	575	0
925	462.5	231.25	111	1587648611476504	1587648611477049	545	0
926	463	231.5	111.12	1587648611486664	1587648611487235	571	0
927	463.5	231.75	111.24	1587648611496827	1587648611497393	566	0
928	464	232	111.36	1587648611506985	1587648611507557	572	0
929	464.5	232.25	111.48	1587648611517154	1587648611517749	595	0
930	465	232.5	111.6	1587648611527324	1587648611527835	511	0
931	465.5	232.75	111.72	1587648611537490	1587648611537981	491	0
932	466	233	111.84	1587648611547659	1587648611548228	569	0
933	466.5	233.25	111.96	1587648611557819	1587648611558361	542	0
934	467	233.5	112.08	1587648611567985	1587648611568555	570	0
935	467.5	233.75	112.2	1587648611578160	1587648611578729	569	0
936	468	234	112.32	1587648611588335	1587648611588907	572	0
937	468.5	234.25	112.44	1587648611598525	1587648611599094	569	0
938	469	234.5	112.56	1587648611608696	1587648611609266	570	0
939	469.5	234.75	112.68	1587648611618864	1587648611619436	572	0
940	470	235	112.8	1587648611629030	1587648611629634	604	0
941	470.5	235.25	112.92	1587648611639203	1587648611639776	573	0
942	471	235.5	113.04	1587648611649377	1587648611649945	568	0
943	471.5	235.75	113.16	1587648611659543	1587648611660116	573	0
944	472	236	113.28	1587648611669703	1587648611670273	570	0
945	472.5	236.25	113.4	1587648611679866	1587648611680438	572	0
946	473	236.5	113.52	1587648611690037	1587648611690602	565	0
947	473.5	236.75	113.64	1587648611700214	1587648611700780	566	0
948	474	237	113.76	1587648611710373	1587648611710949	576	0
949	474.5	237.25	113.88	1587648611720543	1587648611721120	577	0
950	475	237.5	114	1587648611730686	1587648611731254	568	0
951	475.5	237.75	114.12	1587648611740860	1587648611741429	569	0
952	476	238	114.24	1587648611751020	1587648611751589	569	0
953	476.5	238.25	114.36	1587648611761179	1587648611761756	577	0
954	477	238.5	114.48	1587648611771357	1587648611771928	571	0
955	477.5	238.75	114.6	1587648611781513	1587648611782011	498	0
956	478	239	114.72	1587648611791671	1587648611792244	573	0
957	478.5	239.25	114.84	1587648611801803	1587648611802366	563	0
958	479	239.5	114.96	1587648611811964	1587648611812535	571	0
959	479.5	239.75	115.08	1587648611822122	1587648611822694	572	0
960	480	240	115.2	1587648611832285	1587648611832855	570	0
961	480.5	240.25	115.32	1587648611842460	1587648611843029	569	0
962	481	240.5	115.44	1587648611852626	1587648611853197	571	0
963	481.5	240.75	115.56	1587648611862798	1587648611863335	537	0
964	482	241	115.68	1587648611872957	1587648611873526	569	0
965	482.5	241.25	115.8	1587648611883128	1587648611883663	535	0
966	483	241.5	115.92	1587648611893302	1587648611893884	582	0
967	483.5	241.75	116.04	1587648611903470	1587648611904048	578	0
968	484	242	116.16	1587648611913632	1587648611914151	519	0
969	484.5	242.25	116.28	1587648611923801	1587648611924372	571	0
970	485	242.5	116.4	1587648611933967	1587648611934538	571	0
971	485.5	242.75	116.52	1587648611944128	1587648611944701	573	0
972	486	243	116.64	1587648611954295	1587648611954871	576	0
973	486.5	243.25	116.76	1587648611964467	1587648611965044	577	0
974	487	243.5	116.88	1587648611974626	1587648611975199	573	0
975	487.5	243.75	117	1587648611984814	1587648611985385	571	0
976	488	244	117.12	1587648611994977	1587648611995548	571	0
977	488.5	244.25	117.24	1587648612005136	1587648612005722	586	0
978	489	244.5	117.36	1587648612015307	1587648612015878	571	0
979	489.5	244.75	117.48	1587648612025467	1587648612025966	499	0
980	490	245	117.6	1587648612035636	1587648612036211	575	0
981	490.5	245.25	117.72	1587648612045795	1587648612046363	568	0
982	491	245.5	117.84	1587648612055956	1587648612056524	568	0
983	491.5	245.75	117.96	1587648612066116	1587648612066691	575	0
984	492	246	118.08	1587648612076276	1587648612076850	574	0
985	492.5	246.25	118.2	1587648612086435	1587648612087007	572	0
986	493	246.5	118.32	1587648612096601	1587648612097176	575	0
987	493.5	246.75	118.44	1587648612106778	1587648612107347	569	0
988	494	247	118.56	1587648612116970	1587648612117541	571	0
989	494.5	247.25	118.68	1587648612127150	1587648612127726	576	0
990	495	247.5	118.8	1587648612137326	1587648612137889	563	0
991	495.5	247.75	118.92	1587648612147487	1587648612148057	570	0
992	496	248	119.04	1587648612157651	1587648612158169	518	0
993	496.5	248.25	119.16	1587648612167817	1587648612168390	573	0
994	497	248.5	119.28	1587648612177967	1587648612178523	556	0
995	497.5	248.75	119.4	1587648612188130	1587648612188695	565	0
996	498	249	119.52	1587648612198285	1587648612198871	586	0
997	498.5	249.25	119.64	1587648612208440	1587648612209041	601	0
998	499	249.5	119.76	1587648612218552	1587648612219131	579	0
999	499.5	249.75	119.88	1587648612228668	1587648612229250	582	0
1000	500	250	120	1587648612238830	1587648612239380	550	0
Total loss: 1
