1	1097	8425	9018	1587648602190094
2	1132	9050	9036	1587648602291320
3	1167	9675	9054	1587648602392500
4	1202	10300	9072	1587648602493665
5	1237	10925	9090	1587648602594877
6	1272	11550	9108	1587648602696074
7	1307	12175	9126	1587648602797245
8	1342	12800	9144	1587648602898402
9	1377	13425	9162	1587648602999576
10	1412	14050	9180	1587648603100753
11	1447	14675	9198	1587648603201835
12	1482	15300	9216	1587648603302785
13	1517	15925	9234	1587648603403914
14	1552	16550	9252	1587648603505106
15	1587	17175	9270	1587648603606135
16	1622	17800	9288	1587648603707169
17	1657	18425	9306	1587648603808241
18	1692	19050	9324	1587648603909314
19	1727	19675	9342	1587648604010269
20	1762	20300	9360	1587648604111330
21	1797	20925	9378	1587648604212368
22	1832	21550	9396	1587648604313464
23	1867	22175	9414	1587648604414475
24	1902	22800	9432	1587648604515665
25	1937	23425	9450	1587648604616767
26	1972	24050	9468	1587648604717794
27	2007	24675	9486	1587648604818789
28	2042	25300	9504	1587648604919947
29	2077	25925	9522	1587648605021015
30	2112	26550	9540	1587648605122152
31	2147	27175	9558	1587648605223297
32	2182	27800	9576	1587648605324476
33	2217	28425	9594	1587648605425666
34	2252	29050	9612	1587648605526834
35	2287	29675	9630	1587648605627858
36	2322	30300	9648	1587648605728955
37	2357	30925	9666	1587648605830158
38	2392	31550	9684	1587648605931355
39	2427	32175	9702	1587648606032380
40	2462	32800	9720	1587648606133519
41	2497	33425	9738	1587648606234578
42	2532	34050	9756	1587648606335540
43	2567	34675	9774	1587648606436422
44	2602	35300	9792	1587648606537391
45	2637	35925	9810	1587648606638306
46	2672	36550	9828	1587648606739299
47	2707	37175	9846	1587648606840335
48	2742	37800	9864	1587648606941494
49	2777	38425	9882	1587648607042670
50	2812	39050	9900	1587648607143856
51	2847	39675	9918	1587648607245065
52	2882	40300	9936	1587648607346119
53	2917	40925	9954	1587648607447287
54	2952	41550	9972	1587648607548404
55	2987	42175	9990	1587648607649577
56	3022	42800	10008	1587648607750782
57	3057	43425	10026	1587648607852072
58	3092	44050	10044	1587648607953271
59	3127	44675	10062	1587648608054475
60	3162	45300	10080	1587648608155691
61	3197	45925	10098	1587648608256841
62	3232	46550	10116	1587648608358017
63	3267	47175	10134	1587648608459191
64	3302	47800	10152	1587648608560353
65	3337	48425	10170	1587648608661512
66	3372	49050	10188	1587648608762650
67	3407	49675	10206	1587648608863848
68	3442	50300	10224	1587648608965096
69	3477	50925	10242	1587648609066310
70	3512	51550	10260	1587648609167496
71	3547	52175	10278	1587648609268699
72	3582	52800	10296	1587648609369894
73	3617	53425	10314	1587648609471080
74	3652	54050	10332	1587648609572295
75	3687	54675	10350	1587648609673484
76	3722	55300	10368	1587648609774671
77	3757	55925	10386	1587648609875863
78	3792	56550	10404	1587648609977010
79	3827	57175	10422	1587648610078212
80	3862	57800	10440	1587648610179440
81	3897	58425	10458	1587648610280666
82	3932	59050	10476	1587648610382441
83	3967	59675	10494	1587648610483653
84	4002	60300	10512	1587648610584870
85	4037	60925	10530	1587648610686037
86	4072	61550	10548	1587648610787259
87	4107	62175	10566	1587648610888421
88	4142	62800	10584	1587648610989477
89	4177	63425	10602	1587648611090684
90	4212	64050	10620	1587648611191844
91	4247	64675	10638	1587648611293039
92	4282	65300	10656	1587648611394134
93	4317	65925	10674	1587648611495308
94	4352	66550	10692	1587648611596476
95	4387	67175	10710	1587648611697666
96	4422	67800	10728	1587648611798748
97	4457	68425	10746	1587648611899861
98	4492	69050	10764	1587648612000996
99	4527	69675	10782	1587648612102047
100	4562	70300	10800	1587648612203162
