1	0.5	0.25	0.12	1587647217100359	-1	-1	1
2	1	0.5	0.24	1587647217110313	1587647217111499	1186	0
3	1.55	0.775	0.372	1587647217120460	1587647217121600	1140	0
4	2.05	1.025	0.492	1587647217130539	1587647217131640	1101	0
5	2.55	1.275	0.612	1587647217140803	1587647217141918	1115	0
6	3.05	1.525	0.732	1587647217150952	1587647217152080	1128	0
7	3.55	1.775	0.852	1587647217161209	1587647217162325	1116	0
8	4.05	2.025	0.972	1587647217171325	1587647217172469	1144	0
9	4.55	2.275	1.092	1587647217181556	1587647217182734	1178	0
10	5.1	2.55	1.224	1587647217191679	1587647217192846	1167	0
11	5.6	2.8	1.344	1587647217201833	1587647217203005	1172	0
12	6.1	3.05	1.464	1587647217212067	1587647217213182	1115	0
13	6.6	3.3	1.584	1587647217222081	1587647217223238	1157	0
14	7.1	3.55	1.704	1587647217232370	1587647217233500	1130	0
15	7.6	3.8	1.824	1587647217242484	1587647217243616	1132	0
16	8.15	4.075	1.956	1587647217252589	1587647217253667	1078	0
17	8.65	4.325	2.076	1587647217262673	1587647217263809	1136	0
18	9.15	4.575	2.196	1587647217272909	1587647217274017	1108	0
19	9.65	4.825	2.316	1587647217283106	1587647217284232	1126	0
20	10.15	5.075	2.436	1587647217293124	1587647217294281	1157	0
21	10.65	5.325	2.556	1587647217303351	1587647217304494	1143	0
22	11.15	5.575	2.676	1587647217313622	1587647217314775	1153	0
23	11.7	5.85	2.808	1587647217323803	1587647217324912	1109	0
24	12.2	6.1	2.928	1587647217333885	1587647217335068	1183	0
25	12.7	6.35	3.048	1587647217344102	1587647217345233	1131	0
26	13.2	6.6	3.168	1587647217354211	1587647217355331	1120	0
27	13.7	6.85	3.288	1587647217364415	1587647217365528	1113	0
28	14.25	7.125	3.42	1587647217374540	1587647217375646	1106	0
29	14.75	7.375	3.54	1587647217384852	1587647217385895	1043	0
30	15.25	7.625	3.66	1587647217394867	1587647217395979	1112	0
31	15.75	7.875	3.78	1587647217405138	1587647217406258	1120	0
32	16.25	8.125	3.9	1587647217415286	1587647217416419	1133	0
33	16.75	8.375	4.02	1587647217425452	1587647217426565	1113	0
34	17.25	8.625	4.14	1587647217435617	1587647217436694	1077	0
35	17.8	8.9	4.272	1587647217445720	1587647217446898	1178	0
36	18.3	9.15	4.392	1587647217455929	1587647217457059	1130	0
37	18.8	9.4	4.512	1587647217465938	1587647217467153	1215	0
38	19.3	9.65	4.632	1587647217476279	1587647217477424	1145	0
39	19.8	9.9	4.752	1587647217486470	1587647217487579	1109	0
40	20.3	10.15	4.872	1587647217496616	1587647217497737	1121	0
41	20.85	10.425	5.004	1587647217506781	1587647217507924	1143	0
42	21.35	10.675	5.124	1587647217516828	1587647217517844	1016	0
43	21.85	10.925	5.244	1587647217527075	1587647217528211	1136	0
44	22.35	11.175	5.364	1587647217537255	1587647217538350	1095	0
45	22.85	11.425	5.484	1587647217547402	1587647217548553	1151	0
46	23.35	11.675	5.604	1587647217557582	1587647217558699	1117	0
47	23.9	11.95	5.736	1587647217567720	1587647217568852	1132	0
48	24.4	12.2	5.856	1587647217577758	1587647217578952	1194	0
49	24.9	12.45	5.976	1587647217588091	1587647217589236	1145	0
50	25.4	12.7	6.096	1587647217598275	1587647217599354	1079	0
51	25.9	12.95	6.216	1587647217608485	1587647217609632	1147	0
52	26.4	13.2	6.336	1587647217618523	1587647217619692	1169	0
53	26.95	13.475	6.468	1587647217628698	1587647217629849	1151	0
54	27.45	13.725	6.588	1587647217638798	1587647217639898	1100	0
55	27.95	13.975	6.708	1587647217648955	1587647217650034	1079	0
56	28.45	14.225	6.828	1587647217659137	1587647217660233	1096	0
57	28.95	14.475	6.948	1587647217669304	1587647217670401	1097	0
58	29.45	14.725	7.068	1587647217679457	1587647217680577	1120	0
59	30	15	7.2	1587647217689697	1587647217690850	1153	0
60	30.5	15.25	7.32	1587647217699782	1587647217700974	1192	0
61	31	15.5	7.44	1587647217709917	1587647217710997	1080	0
62	31.5	15.75	7.56	1587647217720148	1587647217721293	1145	0
63	32	16	7.68	1587647217730154	1587647217731354	1200	0
64	32.5	16.25	7.8	1587647217740349	1587647217741540	1191	0
65	33.05	16.525	7.932	1587647217750544	1587647217751754	1210	0
66	33.55	16.775	8.052	1587647217760693	1587647217761849	1156	0
67	34.05	17.025	8.172	1587647217770922	1587647217772046	1124	0
68	34.55	17.275	8.292	1587647217781161	1587647217782354	1193	0
69	35.05	17.525	8.412	1587647217791517	1587647217792639	1122	0
70	35.6	17.8	8.544	1587647217801662	1587647217802825	1163	0
71	36.1	18.05	8.664	1587647217811826	1587647217812948	1122	0
72	36.6	18.3	8.784	1587647217821881	1587647217823047	1166	0
73	37.1	18.55	8.904	1587647217832056	1587647217833258	1202	0
74	37.6	18.8	9.024	1587647217842264	1587647217843421	1157	0
75	38.1	19.05	9.144	1587647217852438	1587647217853586	1148	0
76	38.6	19.3	9.264	1587647217862574	1587647217863648	1074	0
77	39.15	19.575	9.396	1587647217872736	1587647217873888	1152	0
78	39.65	19.825	9.516	1587647217882926	1587647217884057	1131	0
79	40.15	20.075	9.636	1587647217893117	1587647217894210	1093	0
80	40.65	20.325	9.756	1587647217903238	1587647217904368	1130	0
81	41.15	20.575	9.876	1587647217913332	1587647217914498	1166	0
82	41.65	20.825	9.996	1587647217923531	1587647217924692	1161	0
83	42.2	21.1	10.128	1587647217933704	1587647217934864	1160	0
84	42.7	21.35	10.248	1587647217943865	1587647217945002	1137	0
85	43.2	21.6	10.368	1587647217953927	1587647217955093	1166	0
86	43.7	21.85	10.488	1587647217964202	1587647217965361	1159	0
87	44.2	22.1	10.608	1587647217974272	1587647217975455	1183	0
88	44.7	22.35	10.728	1587647217984499	1587647217985644	1145	0
89	45.25	22.625	10.86	1587647217994671	1587647217995819	1148	0
90	45.75	22.875	10.98	1587647218004812	1587647218005919	1107	0
91	46.25	23.125	11.1	1587647218014980	1587647218016139	1159	0
92	46.75	23.375	11.22	1587647218025216	1587647218026353	1137	0
93	47.25	23.625	11.34	1587647218035249	1587647218036439	1190	0
94	47.75	23.875	11.46	1587647218045474	1587647218046648	1174	0
95	48.3	24.15	11.592	1587647218055653	1587647218056780	1127	0
96	48.8	24.4	11.712	1587647218065759	1587647218066969	1210	0
97	49.3	24.65	11.832	1587647218076002	1587647218077130	1128	0
98	49.8	24.9	11.952	1587647218086138	1587647218087281	1143	0
99	50.3	25.15	12.072	1587647218096371	1587647218097541	1170	0
100	50.8	25.4	12.192	1587647218106524	1587647218107692	1168	0
101	51.35	25.675	12.324	1587647218116677	1587647218117828	1151	0
102	51.85	25.925	12.444	1587647218126825	1587647218127946	1121	0
103	52.35	26.175	12.564	1587647218137002	1587647218138133	1131	0
104	52.85	26.425	12.684	1587647218147179	1587647218148335	1156	0
105	53.35	26.675	12.804	1587647218157338	1587647218158504	1166	0
106	53.85	26.925	12.924	1587647218167509	1587647218168674	1165	0
107	54.4	27.2	13.056	1587647218177683	1587647218178779	1096	0
108	54.9	27.45	13.176	1587647218187857	1587647218188985	1128	0
109	55.4	27.7	13.296	1587647218197957	1587647218199150	1193	0
110	55.9	27.95	13.416	1587647218208168	1587647218209319	1151	0
111	56.4	28.2	13.536	1587647218218351	1587647218219512	1161	0
112	56.9	28.45	13.656	1587647218228513	1587647218229612	1099	0
113	57.45	28.725	13.788	1587647218238661	1587647218239819	1158	0
114	57.95	28.975	13.908	1587647218248825	1587647218249947	1122	0
115	58.45	29.225	14.028	1587647218259011	1587647218260157	1146	0
116	58.95	29.475	14.148	1587647218269173	1587647218270313	1140	0
117	59.45	29.725	14.268	1587647218279280	1587647218280983	1703	0
118	59.95	29.975	14.388	1587647218289432	1587647218290584	1152	0
119	60.5	30.25	14.52	1587647218299657	1587647218300816	1159	0
120	61	30.5	14.64	1587647218309804	1587647218310902	1098	0
121	61.5	30.75	14.76	1587647218319986	1587647218321147	1161	0
122	62	31	14.88	1587647218330030	1587647218331202	1172	0
123	62.5	31.25	15	1587647218340301	1587647218341463	1162	0
124	63	31.5	15.12	1587647218350437	1587647218351592	1155	0
125	63.55	31.775	15.252	1587647218360601	1587647218361765	1164	0
126	64.05	32.025	15.372	1587647218370778	1587647218371939	1161	0
127	64.55	32.275	15.492	1587647218380927	1587647218382063	1136	0
128	65.05	32.525	15.612	1587647218391108	1587647218392267	1159	0
129	65.55	32.775	15.732	1587647218401306	1587647218402467	1161	0
130	66.05	33.025	15.852	1587647218411435	1587647218412610	1175	0
131	66.6	33.3	15.984	1587647218421652	1587647218422798	1146	0
132	67.1	33.55	16.104	1587647218431801	1587647218432953	1152	0
133	67.6	33.8	16.224	1587647218441938	1587647218443088	1150	0
134	68.1	34.05	16.344	1587647218452153	1587647218453300	1147	0
135	68.6	34.3	16.464	1587647218462176	1587647218463330	1154	0
136	69.1	34.55	16.584	1587647218472441	1587647218473631	1190	0
137	69.65	34.825	16.716	1587647218482560	1587647218483734	1174	0
138	70.15	35.075	16.836	1587647218492771	1587647218493899	1128	0
139	70.65	35.325	16.956	1587647218502967	1587647218504129	1162	0
140	71.15	35.575	17.076	1587647218513127	1587647218514275	1148	0
141	71.65	35.825	17.196	1587647218523293	1587647218524451	1158	0
142	72.15	36.075	17.316	1587647218533464	1587647218534618	1154	0
143	72.7	36.35	17.448	1587647218543627	1587647218544790	1163	0
144	73.2	36.6	17.568	1587647218553766	1587647218554935	1169	0
145	73.7	36.85	17.688	1587647218563971	1587647218565099	1128	0
146	74.2	37.1	17.808	1587647218574061	1587647218575189	1128	0
147	74.7	37.35	17.928	1587647218584316	1587647218585443	1127	0
148	75.2	37.6	18.048	1587647218594433	1587647218595571	1138	0
149	75.75	37.875	18.18	1587647218604646	1587647218605818	1172	0
150	76.25	38.125	18.3	1587647218614802	1587647218615961	1159	0
151	76.75	38.375	18.42	1587647218624877	1587647218625988	1111	0
152	77.25	38.625	18.54	1587647218635125	1587647218636278	1153	0
153	77.75	38.875	18.66	1587647218645261	1587647218646441	1180	0
154	78.25	39.125	18.78	1587647218655454	1587647218656606	1152	0
155	78.8	39.4	18.912	1587647218665623	1587647218666735	1112	0
156	79.3	39.65	19.032	1587647218675781	1587647218676942	1161	0
157	79.8	39.9	19.152	1587647218685878	1587647218687076	1198	0
158	80.3	40.15	19.272	1587647218696116	1587647218697271	1155	0
159	80.8	40.4	19.392	1587647218706277	1587647218707434	1157	0
160	81.3	40.65	19.512	1587647218716421	1587647218717598	1177	0
161	81.85	40.925	19.644	1587647218726579	1587647218727740	1161	0
162	82.35	41.175	19.764	1587647218736708	1587647218737859	1151	0
163	82.85	41.425	19.884	1587647218746915	1587647218748078	1163	0
164	83.35	41.675	20.004	1587647218757081	1587647218758225	1144	0
165	83.85	41.925	20.124	1587647218767257	1587647218768414	1157	0
166	84.35	42.175	20.244	1587647218777420	1587647218778577	1157	0
167	84.9	42.45	20.376	1587647218787573	1587647218788733	1160	0
168	85.4	42.7	20.496	1587647218797724	1587647218798897	1173	0
169	85.9	42.95	20.616	1587647218807942	1587647218809102	1160	0
170	86.4	43.2	20.736	1587647218817935	-1	-1	1
171	86.9	43.45	20.856	1587647218828190	1587647218829373	1183	0
172	87.4	43.7	20.976	1587647218838352	1587647218839497	1145	0
173	87.9	43.95	21.096	1587647218848500	1587647218849670	1170	0
174	88.45	44.225	21.228	1587647218858634	1587647218859792	1158	0
175	88.95	44.475	21.348	1587647218868798	1587647218869898	1100	0
176	89.45	44.725	21.468	1587647218878937	1587647218880089	1152	0
177	89.95	44.975	21.588	1587647218889121	1587647218890256	1135	0
178	90.45	45.225	21.708	1587647218899274	1587647218900405	1131	0
179	90.95	45.475	21.828	1587647218909513	1587647218910638	1125	0
180	91.5	45.75	21.96	1587647218920594	1587647218921753	1159	0
181	92	46	22.08	1587647218929776	1587647218930928	1152	0
182	92.5	46.25	22.2	1587647218939998	1587647218941093	1095	0
183	93	46.5	22.32	1587647218950097	1587647218951215	1118	0
184	93.5	46.75	22.44	1587647218960256	1587647218961381	1125	0
185	94	47	22.56	1587647218970444	1587647218971536	1092	0
186	94.55	47.275	22.692	1587647218980608	1587647218981711	1103	0
187	95.05	47.525	22.812	1587647218990756	1587647218991853	1097	0
188	95.55	47.775	22.932	1587647219000918	1587647219001986	1068	0
189	96.05	48.025	23.052	1587647219011129	1587647219012196	1067	0
190	96.55	48.275	23.172	1587647219021724	1587647219022922	1198	0
191	97.05	48.525	23.292	1587647219031327	1587647219032494	1167	0
192	97.6	48.8	23.424	1587647219041599	1587647219042687	1088	0
193	98.1	49.05	23.544	1587647219051776	1587647219052868	1092	0
194	98.6	49.3	23.664	1587647219061840	1587647219063041	1201	0
195	99.1	49.55	23.784	1587647219072104	1587647219073215	1111	0
196	99.6	49.8	23.904	1587647219082209	1587647219083342	1133	0
197	100.1	50.05	24.024	1587647219092419	1587647219093552	1133	0
198	100.65	50.325	24.156	1587647219102602	1587647219103737	1135	0
199	101.15	50.575	24.276	1587647219112788	1587647219113868	1080	0
200	101.65	50.825	24.396	1587647219122990	1587647219124132	1142	0
201	102.15	51.075	24.516	1587647219133131	1587647219134284	1153	0
202	102.65	51.325	24.636	1587647219143299	1587647219144436	1137	0
203	103.15	51.575	24.756	1587647219153471	1587647219154626	1155	0
204	103.7	51.85	24.888	1587647219163646	1587647219164814	1168	0
205	104.2	52.1	25.008	1587647219173773	1587647219174919	1146	0
206	104.7	52.35	25.128	1587647219183941	1587647219185104	1163	0
207	105.2	52.6	25.248	1587647219194094	1587647219195204	1110	0
208	105.7	52.85	25.368	1587647219204289	1587647219205458	1169	0
209	106.2	53.1	25.488	1587647219214449	1587647219215615	1166	0
210	106.75	53.375	25.62	1587647219224609	1587647219225759	1150	0
211	107.25	53.625	25.74	1587647219234781	1587647219235947	1166	0
212	107.75	53.875	25.86	1587647219244925	1587647219246081	1156	0
213	108.25	54.125	25.98	1587647219255093	1587647219256276	1183	0
214	108.75	54.375	26.1	1587647219265182	1587647219266371	1189	0
215	109.25	54.625	26.22	1587647219275443	1587647219276630	1187	0
216	109.8	54.9	26.352	1587647219285663	1587647219286832	1169	0
217	110.3	55.15	26.472	1587647219295716	1587647219296904	1188	0
218	110.8	55.4	26.592	1587647219305877	1587647219307076	1199	0
219	111.3	55.65	26.712	1587647219316163	1587647219317305	1142	0
220	111.8	55.9	26.832	1587647219326114	1587647219327317	1203	0
221	112.3	56.15	26.952	1587647219336413	1587647219337608	1195	0
222	112.85	56.425	27.084	1587647219346476	1587647219347654	1178	0
223	113.35	56.675	27.204	1587647219356714	1587647219357896	1182	0
224	113.85	56.925	27.324	1587647219366923	1587647219368083	1160	0
225	114.35	57.175	27.444	1587647219377086	1587647219378235	1149	0
226	114.85	57.425	27.564	1587647219387278	1587647219388441	1163	0
227	115.35	57.675	27.684	1587647219397423	1587647219398586	1163	0
228	115.9	57.95	27.816	1587647219407664	1587647219408801	1137	0
229	116.4	58.2	27.936	1587647219417825	1587647219419022	1197	0
230	116.9	58.45	28.056	1587647219427881	1587647219429022	1141	0
231	117.4	58.7	28.176	1587647219438029	1587647219439226	1197	0
232	117.9	58.95	28.296	1587647219448328	1587647219449456	1128	0
233	118.4	59.2	28.416	1587647219458463	1587647219459583	1120	0
234	118.9	59.45	28.536	1587647219468479	1587647219469678	1199	0
235	119.45	59.725	28.668	1587647219478686	1587647219479846	1160	0
236	119.95	59.975	28.788	1587647219488817	1587647219489938	1121	0
237	120.45	60.225	28.908	1587647219499070	1587647219500158	1088	0
238	120.95	60.475	29.028	1587647219509238	1587647219510314	1076	0
239	121.45	60.725	29.148	1587647219519440	1587647219520532	1092	0
240	121.95	60.975	29.268	1587647219529579	1587647219530703	1124	0
241	122.5	61.25	29.4	1587647219539740	1587647219540873	1133	0
242	123	61.5	29.52	1587647219549837	1587647219551048	1211	0
243	123.5	61.75	29.64	1587647219560080	1587647219561161	1081	0
244	124	62	29.76	1587647219570050	1587647219571277	1227	0
245	124.5	62.25	29.88	1587647219580386	1587647219581552	1166	0
246	125	62.5	30	1587647219590465	1587647219591634	1169	0
247	125.55	62.775	30.132	1587647219600628	1587647219601788	1160	0
248	126.05	63.025	30.252	1587647219610797	1587647219611975	1178	0
249	126.55	63.275	30.372	1587647219621039	1587647219622172	1133	0
250	127.05	63.525	30.492	1587647219631159	1587647219632312	1153	0
251	127.55	63.775	30.612	1587647219641156	1587647219642264	1108	0
252	128.05	64.025	30.732	1587647219651437	1587647219652514	1077	0
253	128.6	64.3	30.864	1587647219661551	1587647219662675	1124	0
254	129.1	64.55	30.984	1587647219671738	1587647219672872	1134	0
255	129.6	64.8	31.104	1587647219681880	1587647219683071	1191	0
256	130.1	65.05	31.224	1587647219692167	1587647219693320	1153	0
257	130.6	65.3	31.344	1587647219702245	1587647219703401	1156	0
258	131.1	65.55	31.464	1587647219712408	1587647219713517	1109	0
259	131.6	65.8	31.584	1587647219722625	1587647219723734	1109	0
260	132.15	66.075	31.716	1587647219732763	1587647219733872	1109	0
261	132.65	66.325	31.836	1587647219742904	1587647219744028	1124	0
262	133.15	66.575	31.956	1587647219753034	1587647219754138	1104	0
263	133.65	66.825	32.076	1587647219763233	1587647219764371	1138	0
264	134.15	67.075	32.196	1587647219773400	1587647219774504	1104	0
265	134.65	67.325	32.316	1587647219783566	1587647219784702	1136	0
266	135.2	67.6	32.448	1587647219793646	1587647219794824	1178	0
267	135.7	67.85	32.568	1587647219803888	1587647219805026	1138	0
268	136.2	68.1	32.688	1587647219813906	1587647219815110	1204	0
269	136.7	68.35	32.808	1587647219824265	1587647219825398	1133	0
270	137.2	68.6	32.928	1587647219834384	1587647219835485	1101	0
271	137.7	68.85	33.048	1587647219844479	1587647219845634	1155	0
272	138.25	69.125	33.18	1587647219854719	1587647219855858	1139	0
273	138.75	69.375	33.3	1587647219864813	1587647219865925	1112	0
274	139.25	69.625	33.42	1587647219874988	1587647219876140	1152	0
275	139.75	69.875	33.54	1587647219885161	1587647219886300	1139	0
276	140.25	70.125	33.66	1587647219895338	1587647219896401	1063	0
277	140.75	70.375	33.78	1587647219905469	1587647219906556	1087	0
278	141.3	70.65	33.912	1587647219915629	1587647219916720	1091	0
279	141.8	70.9	34.032	1587647219925825	1587647219926935	1110	0
280	142.3	71.15	34.152	1587647219936054	1587647219937145	1091	0
281	142.8	71.4	34.272	1587647219946040	1587647219947133	1093	0
282	143.3	71.65	34.392	1587647219956243	1587647219957410	1167	0
283	143.8	71.9	34.512	1587647219966409	1587647219967579	1170	0
284	144.35	72.175	34.644	1587647219976580	1587647219977731	1151	0
285	144.85	72.425	34.764	1587647219986770	1587647219987919	1149	0
286	145.35	72.675	34.884	1587647219996841	1587647219997981	1140	0
287	145.85	72.925	35.004	1587647220006924	1587647220008034	1110	0
288	146.35	73.175	35.124	1587647220017261	1587647220018376	1115	0
289	146.85	73.425	35.244	1587647220027459	1587647220028596	1137	0
290	147.4	73.7	35.376	1587647220037688	1587647220038779	1091	0
291	147.9	73.95	35.496	1587647220047751	1587647220048900	1149	0
292	148.4	74.2	35.616	1587647220057900	1587647220059082	1182	0
293	148.9	74.45	35.736	1587647220068173	1587647220069268	1095	0
294	149.4	74.7	35.856	1587647220078298	1587647220079381	1083	0
295	149.9	74.95	35.976	1587647220088478	1587647220089630	1152	0
296	150.45	75.225	36.108	1587647220098613	1587647220099744	1131	0
297	150.95	75.475	36.228	1587647220108787	1587647220109851	1064	0
298	151.45	75.725	36.348	1587647220118947	1587647220120084	1137	0
299	151.95	75.975	36.468	1587647220129096	1587647220130249	1153	0
300	152.45	76.225	36.588	1587647220139340	1587647220140445	1105	0
301	152.95	76.475	36.708	1587647220149421	1587647220150513	1092	0
302	153.5	76.75	36.84	1587647220159652	1587647220160774	1122	0
303	154	77	36.96	1587647220169748	1587647220170893	1145	0
304	154.5	77.25	37.08	1587647220179945	1587647220181025	1080	0
305	155	77.5	37.2	1587647220190005	1587647220191204	1199	0
306	155.5	77.75	37.32	1587647220200223	1587647220201410	1187	0
307	156	78	37.44	1587647220210428	1587647220211557	1129	0
308	156.5	78.25	37.56	1587647220220609	1587647220221689	1080	0
309	157.05	78.525	37.692	1587647220230794	1587647220231925	1131	0
310	157.55	78.775	37.812	1587647220240998	1587647220242068	1070	0
311	158.05	79.025	37.932	1587647220251109	1587647220252205	1096	0
312	158.55	79.275	38.052	1587647220261090	1587647220262260	1170	0
313	159.05	79.525	38.172	1587647220271448	1587647220272549	1101	0
314	159.55	79.775	38.292	1587647220281455	1587647220282623	1168	0
315	160.1	80.05	38.424	1587647220291749	1587647220292808	1059	0
316	160.6	80.3	38.544	1587647220301934	1587647220303029	1095	0
317	161.1	80.55	38.664	1587647220312085	1587647220313162	1077	0
318	161.6	80.8	38.784	1587647220322098	1587647220323300	1202	0
319	162.1	81.05	38.904	1587647220332428	1587647220333598	1170	0
320	162.6	81.3	39.024	1587647220342575	1587647220343709	1134	0
321	163.15	81.575	39.156	1587647220352740	1587647220353891	1151	0
322	163.65	81.825	39.276	1587647220362809	1587647220363996	1187	0
323	164.15	82.075	39.396	1587647220373085	1587647220374199	1114	0
324	164.65	82.325	39.516	1587647220383191	1587647220384366	1175	0
325	165.15	82.575	39.636	1587647220393427	1587647220394555	1128	0
326	165.65	82.825	39.756	1587647220403588	1587647220404723	1135	0
327	166.2	83.1	39.888	1587647220413698	1587647220414869	1171	0
328	166.7	83.35	40.008	1587647220423917	1587647220425052	1135	0
329	167.2	83.6	40.128	1587647220433980	1587647220435179	1199	0
330	167.7	83.85	40.248	1587647220444308	1587647220445374	1066	0
331	168.2	84.1	40.368	1587647220454433	1587647220455525	1092	0
332	168.7	84.35	40.488	1587647220464535	1587647220465696	1161	0
333	169.25	84.625	40.62	1587647220474766	1587647220475869	1103	0
334	169.75	84.875	40.74	1587647220484958	1587647220486030	1072	0
335	170.25	85.125	40.86	1587647220495064	1587647220496188	1124	0
336	170.75	85.375	40.98	1587647220505265	1587647220506348	1083	0
337	171.25	85.625	41.1	1587647220515384	1587647220516489	1105	0
338	171.75	85.875	41.22	1587647220525554	1587647220526666	1112	0
339	172.3	86.15	41.352	1587647220535761	1587647220536860	1099	0
340	172.8	86.4	41.472	1587647220545897	1587647220547014	1117	0
341	173.3	86.65	41.592	1587647220556081	1587647220557178	1097	0
342	173.8	86.9	41.712	1587647220566269	1587647220567365	1096	0
343	174.3	87.15	41.832	1587647220576438	1587647220577547	1109	0
344	174.8	87.4	41.952	1587647220586582	1587647220587668	1086	0
345	175.35	87.675	42.084	1587647220596737	1587647220597823	1086	0
346	175.85	87.925	42.204	1587647220606886	1587647220607984	1098	0
347	176.35	88.175	42.324	1587647220617056	1587647220618122	1066	0
348	176.85	88.425	42.444	1587647220627231	1587647220628326	1095	0
349	177.35	88.675	42.564	1587647220637396	-1	-1	1
350	177.85	88.925	42.684	1587647220647590	1587647220648724	1134	0
351	178.4	89.2	42.816	1587647220657705	1587647220658865	1160	0
352	178.9	89.45	42.936	1587647220667824	1587647220669045	1221	0
353	179.4	89.7	43.056	1587647220677918	1587647220679141	1223	0
354	179.9	89.95	43.176	1587647220688209	1587647220689359	1150	0
355	180.4	90.2	43.296	1587647220698273	1587647220699481	1208	0
356	180.9	90.45	43.416	1587647220708490	1587647220709656	1166	0
357	181.45	90.725	43.548	1587647220718567	1587647220719732	1165	0
358	181.95	90.975	43.668	1587647220728690	1587647220729786	1096	0
359	182.45	91.225	43.788	1587647220740018	1587647220741176	1158	0
360	182.95	91.475	43.908	1587647220749156	1587647220750269	1113	0
361	183.45	91.725	44.028	1587647220759308	1587647220760441	1133	0
362	183.95	91.975	44.148	1587647220769465	1587647220770570	1105	0
363	184.5	92.25	44.28	1587647220779631	1587647220781004	1373	0
364	185	92.5	44.4	1587647220789810	1587647220790931	1121	0
365	185.5	92.75	44.52	1587647220799964	1587647220801068	1104	0
366	186	93	44.64	1587647220810058	1587647220811168	1110	0
367	186.5	93.25	44.76	1587647220820329	1587647220821437	1108	0
368	187	93.5	44.88	1587647220830494	1587647220831623	1129	0
369	187.55	93.775	45.012	1587647220841189	1587647220842342	1153	0
370	188.05	94.025	45.132	1587647220850866	1587647220852000	1134	0
371	188.55	94.275	45.252	1587647220860965	1587647220862074	1109	0
372	189.05	94.525	45.372	1587647220871208	1587647220872313	1105	0
373	189.55	94.775	45.492	1587647220881366	1587647220882471	1105	0
374	190.05	95.025	45.612	1587647220891545	1587647220892672	1127	0
375	190.6	95.3	45.744	1587647220901716	1587647220902799	1083	0
376	191.1	95.55	45.864	1587647220911889	1587647220913019	1130	0
377	191.6	95.8	45.984	1587647220922002	1587647220923157	1155	0
378	192.1	96.05	46.104	1587647220932223	1587647220933352	1129	0
379	192.6	96.3	46.224	1587647220942434	1587647220943572	1138	0
380	193.1	96.55	46.344	1587647220952580	1587647220953707	1127	0
381	193.65	96.825	46.476	1587647220962748	1587647220963877	1129	0
382	194.15	97.075	46.596	1587647220972924	1587647220974025	1101	0
383	194.65	97.325	46.716	1587647220983095	1587647220984222	1127	0
384	195.15	97.575	46.836	1587647220993280	1587647220994392	1112	0
385	195.65	97.825	46.956	1587647221003447	1587647221004580	1133	0
386	196.15	98.075	47.076	1587647221013599	1587647221014671	1072	0
387	196.7	98.35	47.208	1587647221023774	1587647221024912	1138	0
388	197.2	98.6	47.328	1587647221033880	1587647221035064	1184	0
389	197.7	98.85	47.448	1587647221044107	1587647221045288	1181	0
390	198.2	99.1	47.568	1587647221054285	1587647221055392	1107	0
391	198.7	99.35	47.688	1587647221064460	1587647221065609	1149	0
392	199.25	99.625	47.82	1587647221074635	1587647221075765	1130	0
393	199.75	99.875	47.94	1587647221084798	1587647221085892	1094	0
394	200.25	100.125	48.06	1587647221094971	1587647221096099	1128	0
395	200.75	100.375	48.18	1587647221105138	1587647221106241	1103	0
396	201.25	100.625	48.3	1587647221115291	1587647221116426	1135	0
397	201.75	100.875	48.42	1587647221125457	1587647221126567	1110	0
398	202.3	101.15	48.552	1587647221135623	1587647221136756	1133	0
399	202.8	101.4	48.672	1587647221145812	1587647221146987	1175	0
400	203.3	101.65	48.792	1587647221155975	1587647221157108	1133	0
401	203.8	101.9	48.912	1587647221166003	1587647221167163	1160	0
402	204.3	102.15	49.032	1587647221176323	1587647221177455	1132	0
403	204.8	102.4	49.152	1587647221186489	1587647221187615	1126	0
404	205.35	102.675	49.284	1587647221196672	1587647221197789	1117	0
405	205.85	102.925	49.404	1587647221206819	1587647221207950	1131	0
406	206.35	103.175	49.524	1587647221216996	1587647221218059	1063	0
407	206.85	103.425	49.644	1587647221227180	1587647221228314	1134	0
408	207.35	103.675	49.764	1587647221237349	1587647221238446	1097	0
409	207.85	103.925	49.884	1587647221247545	1587647221248679	1134	0
410	208.4	104.2	50.016	1587647221257677	1587647221258824	1147	0
411	208.9	104.45	50.136	1587647221267856	1587647221268970	1114	0
412	209.4	104.7	50.256	1587647221277933	1587647221279110	1177	0
413	209.9	104.95	50.376	1587647221288192	1587647221289325	1133	0
414	210.4	105.2	50.496	1587647221298283	1587647221299416	1133	0
415	210.9	105.45	50.616	1587647221308484	1587647221309618	1134	0
416	211.45	105.725	50.748	1587647221318651	1587647221319779	1128	0
417	211.95	105.975	50.868	1587647221328826	1587647221329882	1056	0
418	212.45	106.225	50.988	1587647221339001	1587647221340131	1130	0
419	212.95	106.475	51.108	1587647221349212	1587647221350325	1113	0
420	213.45	106.725	51.228	1587647221359350	1587647221360486	1136	0
421	213.95	106.975	51.348	1587647221369532	1587647221370664	1132	0
422	214.5	107.25	51.48	1587647221379694	1587647221380826	1132	0
423	215	107.5	51.6	1587647221389787	1587647221391012	1225	0
424	215.5	107.75	51.72	1587647221400005	1587647221401167	1162	0
425	216	108	51.84	1587647221410082	1587647221411248	1166	0
426	216.5	108.25	51.96	1587647221420368	1587647221421505	1137	0
427	217	108.5	52.08	1587647221430547	1587647221431678	1131	0
428	217.55	108.775	52.212	1587647221440717	1587647221441835	1118	0
429	218.05	109.025	52.332	1587647221450934	1587647221452067	1133	0
430	218.55	109.275	52.452	1587647221461078	1587647221462187	1109	0
431	219.05	109.525	52.572	1587647221471248	1587647221472381	1133	0
432	219.55	109.775	52.692	1587647221481425	1587647221482557	1132	0
433	220.05	110.025	52.812	1587647221491585	1587647221492717	1132	0
434	220.6	110.3	52.944	1587647221501748	1587647221502892	1144	0
435	221.1	110.55	53.064	1587647221511899	1587647221513059	1160	0
436	221.6	110.8	53.184	1587647221521988	1587647221523183	1195	0
437	222.1	111.05	53.304	1587647221532280	1587647221533413	1133	0
438	222.6	111.3	53.424	1587647221542439	1587647221543569	1130	0
439	223.1	111.55	53.544	1587647221552654	1587647221553724	1070	0
440	223.65	111.825	53.676	1587647221562810	1587647221563939	1129	0
441	224.15	112.075	53.796	1587647221572977	1587647221574070	1093	0
442	224.65	112.325	53.916	1587647221583145	1587647221584275	1130	0
443	225.15	112.575	54.036	1587647221593311	1587647221594422	1111	0
444	225.65	112.825	54.156	1587647221603486	1587647221604621	1135	0
445	226.2	113.1	54.288	1587647221613659	1587647221614790	1131	0
446	226.7	113.35	54.408	1587647221623828	1587647221624971	1143	0
447	227.2	113.6	54.528	1587647221633905	1587647221635100	1195	0
448	227.7	113.85	54.648	1587647221644173	1587647221645305	1132	0
449	228.2	114.1	54.768	1587647221654384	1587647221655519	1135	0
450	228.7	114.35	54.888	1587647221664522	1587647221665668	1146	0
451	229.25	114.625	55.02	1587647221674652	1587647221675782	1130	0
452	229.75	114.875	55.14	1587647221684826	1587647221685908	1082	0
453	230.25	115.125	55.26	1587647221695001	1587647221696132	1131	0
454	230.75	115.375	55.38	1587647221705165	1587647221706272	1107	0
455	231.25	115.625	55.5	1587647221715319	1587647221716455	1136	0
456	231.75	115.875	55.62	1587647221725500	1587647221726635	1135	0
457	232.3	116.15	55.752	1587647221735663	1587647221736799	1136	0
458	232.8	116.4	55.872	1587647221745846	1587647221746993	1147	0
459	233.3	116.65	55.992	1587647221756050	1587647221757188	1138	0
460	233.8	116.9	56.112	1587647221766159	1587647221767309	1150	0
461	234.3	117.15	56.232	1587647221776280	1587647221777397	1117	0
462	234.8	117.4	56.352	1587647221786271	1587647221787377	1106	0
463	235.3	117.65	56.472	1587647221796495	1587647221797611	1116	0
464	235.85	117.925	56.604	1587647221806524	1587647221807630	1106	0
465	236.35	118.175	56.724	1587647221816624	1587647221817715	1091	0
466	236.85	118.425	56.844	1587647221826894	1587647221827963	1069	0
467	237.35	118.675	56.964	1587647221836959	1587647221838040	1081	0
468	237.85	118.925	57.084	1587647221847216	1587647221848345	1129	0
469	238.35	119.175	57.204	1587647221857431	1587647221858499	1068	0
470	238.9	119.45	57.336	1587647221867592	1587647221868689	1097	0
471	239.4	119.7	57.456	1587647221877685	1587647221878852	1167	0
472	239.9	119.95	57.576	1587647221887859	1587647221889014	1155	0
473	240.4	120.2	57.696	1587647221898002	1587647221899107	1105	0
474	240.9	120.45	57.816	1587647221908245	1587647221909348	1103	0
475	241.4	120.7	57.936	1587647221918389	1587647221919494	1105	0
476	241.9	120.95	58.056	1587647221928551	1587647221929659	1108	0
477	242.45	121.225	58.188	1587647221938718	1587647221939814	1096	0
478	242.95	121.475	58.308	1587647221948896	1587647221949964	1068	0
479	243.45	121.725	58.428	1587647221959113	1587647221960222	1109	0
480	243.95	121.975	58.548	1587647221969249	1587647221970328	1079	0
481	244.45	122.225	58.668	1587647221979421	1587647221980521	1100	0
482	245	122.5	58.8	1587647221989607	1587647221990691	1084	0
483	245.5	122.75	58.92	1587647221999761	1587647222000864	1103	0
484	246	123	59.04	1587647222009897	1587647222011048	1151	0
485	246.5	123.25	59.16	1587647222020107	1587647222021207	1100	0
486	247	123.5	59.28	1587647222030118	1587647222031247	1129	0
487	247.5	123.75	59.4	1587647222040406	1587647222041513	1107	0
488	248.05	124.025	59.532	1587647222050562	1587647222051672	1110	0
489	248.55	124.275	59.652	1587647222060685	1587647222061796	1111	0
490	249.05	124.525	59.772	1587647222070905	1587647222072009	1104	0
491	249.55	124.775	59.892	1587647222081052	1587647222082179	1127	0
492	250.05	125.025	60.012	1587647222091272	1587647222092406	1134	0
493	250.55	125.275	60.132	1587647222101439	1587647222102576	1137	0
494	251.1	125.55	60.264	1587647222111615	1587647222112744	1129	0
495	251.6	125.8	60.384	1587647222121775	1587647222122910	1135	0
496	252.1	126.05	60.504	1587647222131945	1587647222133084	1139	0
497	252.6	126.3	60.624	1587647222141945	1587647222143177	1232	0
498	253.1	126.55	60.744	1587647222152289	1587647222153435	1146	0
499	253.6	126.8	60.864	1587647222162478	1587647222163585	1107	0
500	254.15	127.075	60.996	1587647222172630	1587647222173716	1086	0
501	254.65	127.325	61.116	1587647222182786	1587647222183886	1100	0
502	255.15	127.575	61.236	1587647222192951	1587647222194022	1071	0
503	255.65	127.825	61.356	1587647222203123	1587647222204248	1125	0
504	256.15	128.075	61.476	1587647222213296	1587647222214394	1098	0
505	256.65	128.325	61.596	1587647222223463	1587647222224564	1101	0
506	257.2	128.6	61.728	1587647222233623	1587647222234732	1109	0
507	257.7	128.85	61.848	1587647222243794	1587647222244900	1106	0
508	258.2	129.1	61.968	1587647222253960	1587647222255059	1099	0
509	258.7	129.35	62.088	1587647222264185	1587647222265292	1107	0
510	259.2	129.6	62.208	1587647222274317	1587647222275414	1097	0
511	259.7	129.85	62.328	1587647222284494	1587647222285604	1110	0
512	260.25	130.125	62.46	1587647222294667	1587647222295759	1092	0
513	260.75	130.375	62.58	1587647222304751	1587647222305816	1065	0
514	261.25	130.625	62.7	1587647222314998	1587647222316095	1097	0
515	261.75	130.875	62.82	1587647222325169	1587647222326241	1072	0
516	262.25	131.125	62.94	1587647222335356	1587647222336449	1093	0
517	262.75	131.375	63.06	1587647222345524	1587647222346617	1093	0
518	263.3	131.65	63.192	1587647222355696	1587647222356785	1089	0
519	263.8	131.9	63.312	1587647222365924	1587647222367012	1088	0
520	264.3	132.15	63.432	1587647222376050	1587647222377139	1089	0
521	264.8	132.4	63.552	1587647222386140	1587647222387232	1092	0
522	265.3	132.65	63.672	1587647222396367	1587647222397455	1088	0
523	265.8	132.9	63.792	1587647222406532	1587647222407624	1092	0
524	266.35	133.175	63.924	1587647222416702	1587647222417760	1058	0
525	266.85	133.425	64.044	1587647222426749	1587647222427884	1135	0
526	267.35	133.675	64.164	1587647222436921	1587647222438021	1100	0
527	267.85	133.925	64.284	1587647222447101	1587647222448220	1119	0
528	268.35	134.175	64.404	1587647222457283	1587647222458340	1057	0
529	268.85	134.425	64.524	1587647222467444	1587647222468582	1138	0
530	269.4	134.7	64.656	1587647222477591	1587647222478590	999	0
531	269.9	134.95	64.776	1587647222487623	1587647222488749	1126	0
532	270.4	135.2	64.896	1587647222497816	1587647222498923	1107	0
533	270.9	135.45	65.016	1587647222507990	1587647222509140	1150	0
534	271.4	135.7	65.136	1587647222518098	1587647222519237	1139	0
535	271.9	135.95	65.256	1587647222528271	1587647222529407	1136	0
536	272.45	136.225	65.388	1587647222538439	1587647222539563	1124	0
537	272.95	136.475	65.508	1587647222548632	1587647222549789	1157	0
538	273.45	136.725	65.628	1587647222558810	1587647222559927	1117	0
539	273.95	136.975	65.748	1587647222569037	1587647222570120	1083	0
540	274.45	137.225	65.868	1587647222579149	1587647222580290	1141	0
541	274.95	137.475	65.988	1587647222589319	1587647222590461	1142	0
542	275.5	137.75	66.12	1587647222599467	1587647222600603	1136	0
543	276	138	66.24	1587647222609666	1587647222610771	1105	0
544	276.5	138.25	66.36	1587647222619819	1587647222621039	1220	0
545	277	138.5	66.48	1587647222629974	1587647222631172	1198	0
546	277.5	138.75	66.6	1587647222640211	1587647222641389	1178	0
547	278	139	66.72	1587647222650339	1587647222651513	1174	0
548	278.5	139.25	66.84	1587647222660472	1587647222662647	2175	0
549	279.05	139.525	66.972	1587647222670659	1587647222671836	1177	0
550	279.55	139.775	67.092	1587647222680802	1587647222681882	1080	0
551	280.05	140.025	67.212	1587647222690955	1587647222692113	1158	0
552	280.55	140.275	67.332	1587647222701121	1587647222702273	1152	0
553	281.05	140.525	67.452	1587647222711227	1587647222712409	1182	0
554	281.55	140.775	67.572	1587647222721413	1587647222722590	1177	0
555	282.1	141.05	67.704	1587647222731571	1587647222732755	1184	0
556	282.6	141.3	67.824	1587647222741744	1587647222742912	1168	0
557	283.1	141.55	67.944	1587647222751943	1587647222753084	1141	0
558	283.6	141.8	68.064	1587647222763038	1587647222764170	1132	0
559	284.1	142.05	68.184	1587647222772324	1587647222773465	1141	0
560	284.6	142.3	68.304	1587647222782460	1587647222783592	1132	0
561	285.15	142.575	68.436	1587647222792638	1587647222793733	1095	0
562	285.65	142.825	68.556	1587647222802811	1587647222803950	1139	0
563	286.15	143.075	68.676	1587647222812981	1587647222814116	1135	0
564	286.65	143.325	68.796	1587647222823152	1587647222824285	1133	0
565	287.15	143.575	68.916	1587647222833330	1587647222834466	1136	0
566	287.65	143.825	69.036	1587647222843498	1587647222844629	1131	0
567	288.2	144.1	69.168	1587647222853668	1587647222854808	1140	0
568	288.7	144.35	69.288	1587647222864232	1587647222865374	1142	0
569	289.2	144.6	69.408	1587647222874002	1587647222875139	1137	0
570	289.7	144.85	69.528	1587647222884149	1587647222885288	1139	0
571	290.2	145.1	69.648	1587647222894302	1587647222895439	1137	0
572	290.7	145.35	69.768	1587647222904510	1587647222905643	1133	0
573	291.25	145.625	69.9	1587647222914681	1587647222915820	1139	0
574	291.75	145.875	70.02	1587647222924847	1587647222925922	1075	0
575	292.25	146.125	70.14	1587647222935018	1587647222936160	1142	0
576	292.75	146.375	70.26	1587647222945114	1587647222946262	1148	0
577	293.25	146.625	70.38	1587647222955400	1587647222956508	1108	0
578	293.75	146.875	70.5	1587647222965516	1587647222966662	1146	0
579	294.3	147.15	70.632	1587647222975729	1587647222976865	1136	0
580	294.8	147.4	70.752	1587647222985895	1587647222987034	1139	0
581	295.3	147.65	70.872	1587647222996065	1587647222997209	1144	0
582	295.8	147.9	70.992	1587647223006168	1587647223007305	1137	0
583	296.3	148.15	71.112	1587647223016407	1587647223017524	1117	0
584	296.85	148.425	71.244	1587647223026569	1587647223027730	1161	0
585	297.35	148.675	71.364	1587647223036734	1587647223037886	1152	0
586	297.85	148.925	71.484	1587647223046913	1587647223048075	1162	0
587	298.35	149.175	71.604	1587647223057079	1587647223058228	1149	0
588	298.85	149.425	71.724	1587647223067265	1587647223068436	1171	0
589	299.35	149.675	71.844	1587647223077458	1587647223078602	1144	0
590	299.9	149.95	71.976	1587647223087638	1587647223088800	1162	0
591	300.4	150.2	72.096	1587647223097722	1587647223098904	1182	0
592	300.9	150.45	72.216	1587647223107908	1587647223109125	1217	0
593	301.4	150.7	72.336	1587647223117958	1587647223119149	1191	0
594	301.9	150.95	72.456	1587647223128278	1587647223129329	1051	0
595	302.4	151.2	72.576	1587647223138387	1587647223139455	1068	0
596	302.95	151.475	72.708	1587647223148548	1587647223149704	1156	0
597	303.45	151.725	72.828	1587647223158743	1587647223159907	1164	0
598	303.95	151.975	72.948	1587647223168973	1587647223170144	1171	0
599	304.45	152.225	73.068	1587647223179146	1587647223180343	1197	0
600	304.95	152.475	73.188	1587647223189360	1587647223190538	1178	0
601	305.45	152.725	73.308	1587647223199506	1587647223200675	1169	0
602	306	153	73.44	1587647223209695	1587647223210892	1197	0
603	306.5	153.25	73.56	1587647223219873	1587647223221066	1193	0
604	307	153.5	73.68	1587647223230021	1587647223231180	1159	0
605	307.5	153.75	73.8	1587647223240262	1587647223241452	1190	0
606	308	154	73.92	1587647223250376	1587647223251534	1158	0
607	308.5	154.25	74.04	1587647223260550	1587647223261712	1162	0
608	309.05	154.525	74.172	1587647223270697	1587647223271878	1181	0
609	309.55	154.775	74.292	1587647223281402	1587647223282571	1169	0
610	310.1	155.05	74.424	1587647223291633	1587647223292794	1161	0
611	310.6	155.3	74.544	1587647223301795	1587647223302976	1181	0
612	311.1	155.55	74.664	1587647223311952	1587647223313121	1169	0
613	311.6	155.8	74.784	1587647223322064	1587647223323239	1175	0
614	312.1	156.05	74.904	1587647223332318	1587647223333423	1105	0
615	312.6	156.3	75.024	1587647223342442	1587647223343611	1169	0
616	313.15	156.575	75.156	1587647223352632	1587647223353790	1158	0
617	313.65	156.825	75.276	1587647223362801	1587647223363974	1173	0
618	314.15	157.075	75.396	1587647223372980	1587647223374117	1137	0
619	314.65	157.325	75.516	1587647223383167	1587647223384337	1170	0
620	315.15	157.575	75.636	1587647223393315	1587647223394479	1164	0
621	315.65	157.825	75.756	1587647223403482	1587647223404648	1166	0
622	316.2	158.1	75.888	1587647223413662	1587647223414811	1149	0
623	316.7	158.35	76.008	1587647223423816	1587647223424984	1168	0
624	317.2	158.6	76.128	1587647223433972	1587647223435141	1169	0
625	317.7	158.85	76.248	1587647223444149	1587647223445316	1167	0
626	318.2	159.1	76.368	1587647223454278	1587647223455442	1164	0
627	318.7	159.35	76.488	1587647223464465	1587647223465635	1170	0
628	319.25	159.625	76.62	1587647223474519	1587647223475717	1198	0
629	319.75	159.875	76.74	1587647223484686	1587647223485885	1199	0
630	320.25	160.125	76.86	1587647223494826	1587647223496016	1190	0
631	320.75	160.375	76.98	1587647223504977	1587647223506141	1164	0
632	321.25	160.625	77.1	1587647223515091	1587647223516239	1148	0
633	321.75	160.875	77.22	1587647223525275	1587647223526446	1171	0
634	322.3	161.15	77.352	1587647223535475	1587647223536667	1192	0
635	322.8	161.4	77.472	1587647223545716	1587647223546874	1158	0
636	323.3	161.65	77.592	1587647223555867	1587647223557029	1162	0
637	323.8	161.9	77.712	1587647223566042	1587647223567237	1195	0
638	324.3	162.15	77.832	1587647223576294	1587647223577434	1140	0
639	324.8	162.4	77.952	1587647223586402	1587647223587551	1149	0
640	325.35	162.675	78.084	1587647223596593	1587647223597733	1140	0
641	325.85	162.925	78.204	1587647223606753	1587647223607887	1134	0
642	326.35	163.175	78.324	1587647223616884	1587647223617992	1108	0
643	326.85	163.425	78.444	1587647223627084	1587647223628179	1095	0
644	327.35	163.675	78.564	1587647223637264	1587647223638362	1098	0
645	327.85	163.925	78.684	1587647223647395	1587647223648532	1137	0
646	328.4	164.2	78.816	1587647223657614	1587647223658719	1105	0
647	328.9	164.45	78.936	1587647223667726	1587647223668878	1152	0
648	329.4	164.7	79.056	1587647223677834	1587647223679048	1214	0
649	329.9	164.95	79.176	1587647223688163	1587647223689278	1115	0
650	330.4	165.2	79.296	1587647223698201	1587647223699345	1144	0
651	330.9	165.45	79.416	1587647223708444	1587647223709557	1113	0
652	331.45	165.725	79.548	1587647223718624	1587647223719743	1119	0
653	331.95	165.975	79.668	1587647223728801	1587647223729859	1058	0
654	332.45	166.225	79.788	1587647223738933	1587647223740087	1154	0
655	332.95	166.475	79.908	1587647223749137	1587647223750237	1100	0
656	333.45	166.725	80.028	1587647223759304	1587647223760421	1117	0
657	333.95	166.975	80.148	1587647223769469	1587647223770581	1112	0
658	334.5	167.25	80.28	1587647223779674	1587647223781015	1341	0
659	335	167.5	80.4	1587647223789849	1587647223790971	1122	0
660	335.5	167.75	80.52	1587647223800004	1587647223801117	1113	0
661	336	168	80.64	1587647223810169	1587647223811290	1121	0
662	336.5	168.25	80.76	1587647223820339	1587647223821451	1112	0
663	337	168.5	80.88	1587647223830469	1587647223831581	1112	0
664	337.55	168.775	81.012	1587647223840637	1587647223841762	1125	0
665	338.05	169.025	81.132	1587647223850805	1587647223851915	1110	0
666	338.55	169.275	81.252	1587647223860971	1587647223862051	1080	0
667	339.05	169.525	81.372	1587647223871134	1587647223872252	1118	0
668	339.55	169.775	81.492	1587647223881337	1587647223882433	1096	0
669	340.05	170.025	81.612	1587647223891512	1587647223892615	1103	0
670	340.6	170.3	81.744	1587647223901621	1587647223902728	1107	0
671	341.1	170.55	81.864	1587647223911867	1587647223912974	1107	0
672	341.6	170.8	81.984	1587647223921896	1587647223923092	1196	0
673	342.1	171.05	82.104	1587647223932201	1587647223933279	1078	0
674	342.6	171.3	82.224	1587647223942298	1587647223943373	1075	0
675	343.1	171.55	82.344	1587647223952493	1587647223953577	1084	0
676	343.65	171.825	82.476	1587647223962681	1587647223963769	1088	0
677	344.15	172.075	82.596	1587647223972847	1587647223973885	1038	0
678	344.65	172.325	82.716	1587647223983018	1587647223984163	1145	0
679	345.15	172.575	82.836	1587647223993214	1587647223994306	1092	0
680	345.65	172.825	82.956	1587647224003361	1587647224004436	1075	0
681	346.15	173.075	83.076	1587647224013457	1587647224014554	1097	0
682	346.7	173.35	83.208	1587647224023612	1587647224024726	1114	0
683	347.2	173.6	83.328	1587647224033811	1587647224034914	1103	0
684	347.7	173.85	83.448	1587647224044015	1587647224045110	1095	0
685	348.2	174.1	83.568	1587647224054153	1587647224055242	1089	0
686	348.7	174.35	83.688	1587647224064352	1587647224065439	1087	0
687	349.2	174.6	83.808	1587647224074479	1587647224075576	1097	0
688	349.75	174.875	83.94	1587647224084657	1587647224085771	1114	0
689	350.25	175.125	84.06	1587647224094874	1587647224095968	1094	0
690	350.75	175.375	84.18	1587647224105023	1587647224106079	1056	0
691	351.25	175.625	84.3	1587647224115164	1587647224116283	1119	0
692	351.75	175.875	84.42	1587647224125361	1587647224126445	1084	0
693	352.25	176.125	84.54	1587647224135545	1587647224136624	1079	0
694	352.8	176.4	84.672	1587647224145706	1587647224146788	1082	0
695	353.3	176.65	84.792	1587647224155863	1587647224156965	1102	0
696	353.8	176.9	84.912	1587647224165915	1587647224167111	1196	0
697	354.3	177.15	85.032	1587647224176206	1587647224177298	1092	0
698	354.8	177.4	85.152	1587647224186395	1587647224187502	1107	0
699	355.3	177.65	85.272	1587647224196585	1587647224197671	1086	0
700	355.85	177.925	85.404	1587647224206745	1587647224207810	1065	0
701	356.35	178.175	85.524	1587647224216909	1587647224217950	1041	0
702	356.85	178.425	85.644	1587647224227052	1587647224228147	1095	0
703	357.35	178.675	85.764	1587647224237218	1587647224238296	1078	0
704	357.85	178.925	85.884	1587647224247385	1587647224248479	1094	0
705	358.35	179.175	86.004	1587647224257543	1587647224258650	1107	0
706	358.9	179.45	86.136	1587647224267717	1587647224268812	1095	0
707	359.4	179.7	86.256	1587647224277797	1587647224279002	1205	0
708	359.9	179.95	86.376	1587647224288088	1587647224289148	1060	0
709	360.4	180.2	86.496	1587647224298212	1587647224299302	1090	0
710	360.9	180.45	86.616	1587647224308408	1587647224309501	1093	0
711	361.4	180.7	86.736	1587647224318573	1587647224319672	1099	0
712	361.95	180.975	86.868	1587647224328761	1587647224329819	1058	0
713	362.45	181.225	86.988	1587647224338930	1587647224340012	1082	0
714	362.95	181.475	87.108	1587647224349095	1587647224350164	1069	0
715	363.45	181.725	87.228	1587647224359263	1587647224360361	1098	0
716	363.95	181.975	87.348	1587647224369445	1587647224370539	1094	0
717	364.45	182.225	87.468	1587647224379606	-1	-1	1
718	365	182.5	87.6	1587647224389773	1587647224390865	1092	0
719	365.5	182.75	87.72	1587647224399979	1587647224401072	1093	0
720	366	183	87.84	1587647224410101	1587647224411193	1092	0
721	366.5	183.25	87.96	1587647224420270	1587647224421367	1097	0
722	367	183.5	88.08	1587647224430392	1587647224431489	1097	0
723	367.5	183.75	88.2	1587647224440546	1587647224441661	1115	0
724	368.05	184.025	88.332	1587647224450692	1587647224451791	1099	0
725	368.55	184.275	88.452	1587647224460734	1587647224461853	1119	0
726	369.05	184.525	88.572	1587647224471003	1587647224472120	1117	0
727	369.55	184.775	88.692	1587647224481936	1587647224483124	1188	0
728	370.05	185.025	88.812	1587647224491401	1587647224492477	1076	0
729	370.55	185.275	88.932	1587647224501595	1587647224502663	1068	0
730	371.1	185.55	89.064	1587647224511753	1587647224512822	1069	0
731	371.6	185.8	89.184	1587647224521874	1587647224522969	1095	0
732	372.1	186.05	89.304	1587647224532096	1587647224533169	1073	0
733	372.6	186.3	89.424	1587647224542119	1587647224543273	1154	0
734	373.1	186.55	89.544	1587647224552439	1587647224553513	1074	0
735	373.6	186.8	89.664	1587647224562617	1587647224563689	1072	0
736	374.15	187.075	89.796	1587647224572734	1587647224573821	1087	0
737	374.65	187.325	89.916	1587647224583192	1587647224584350	1158	0
738	375.15	187.575	90.036	1587647224593126	1587647224594179	1053	0
739	375.65	187.825	90.156	1587647224603303	1587647224604376	1073	0
740	376.15	188.075	90.276	1587647224613470	1587647224614545	1075	0
741	376.65	188.325	90.396	1587647224623646	1587647224624724	1078	0
742	377.2	188.6	90.528	1587647224633776	1587647224634852	1076	0
743	377.7	188.85	90.648	1587647224643998	1587647224645069	1071	0
744	378.2	189.1	90.768	1587647224654019	1587647224655182	1163	0
745	378.7	189.35	90.888	1587647224664333	1587647224665406	1073	0
746	379.2	189.6	91.008	1587647224674379	1587647224675462	1083	0
747	379.7	189.85	91.128	1587647224684644	1587647224685708	1064	0
748	380.25	190.125	91.26	1587647224694753	1587647224695813	1060	0
749	380.75	190.375	91.38	1587647224704979	1587647224706013	1034	0
750	381.25	190.625	91.5	1587647224715149	1587647224716219	1070	0
751	381.75	190.875	91.62	1587647224725313	1587647224726378	1065	0
752	382.25	191.125	91.74	1587647224735487	1587647224736527	1040	0
753	382.75	191.375	91.86	1587647224745659	1587647224746722	1063	0
754	383.3	191.65	91.992	1587647224755815	1587647224756890	1075	0
755	383.8	191.9	92.112	1587647224765940	1587647224767040	1100	0
756	384.3	192.15	92.232	1587647224776131	1587647224777195	1064	0
757	384.8	192.4	92.352	1587647224786303	1587647224787347	1044	0
758	385.3	192.65	92.472	1587647224796474	1587647224797543	1069	0
759	385.8	192.9	92.592	1587647224806668	1587647224807738	1070	0
760	386.35	193.175	92.724	1587647224816826	1587647224817866	1040	0
761	386.85	193.425	92.844	1587647224826985	1587647224828027	1042	0
762	387.35	193.675	92.964	1587647224837174	1587647224838226	1052	0
763	387.85	193.925	93.084	1587647224847341	1587647224848412	1071	0
764	388.35	194.175	93.204	1587647224857515	1587647224858581	1066	0
765	388.9	194.45	93.336	1587647224867676	1587647224868747	1071	0
766	389.4	194.7	93.456	1587647224877816	1587647224878916	1100	0
767	389.9	194.95	93.576	1587647224888022	1587647224889093	1071	0
768	390.4	195.2	93.696	1587647224898011	1587647224899161	1150	0
769	390.9	195.45	93.816	1587647224908391	1587647224909457	1066	0
770	391.4	195.7	93.936	1587647224918513	1587647224919584	1071	0
771	391.95	195.975	94.068	1587647224928674	1587647224929740	1066	0
772	392.45	196.225	94.188	1587647224938804	1587647224939911	1107	0
773	392.95	196.475	94.308	1587647224949008	1587647224950049	1041	0
774	393.45	196.725	94.428	1587647224959174	1587647224960249	1075	0
775	393.95	196.975	94.548	1587647224969321	1587647224970371	1050	0
776	394.45	197.225	94.668	1587647224979503	1587647224980568	1065	0
777	395	197.5	94.8	1587647224989703	1587647224990775	1072	0
778	395.5	197.75	94.92	1587647224999871	1587647225000939	1068	0
779	396	198	95.04	1587647225009983	1587647225011040	1057	0
780	396.5	198.25	95.16	1587647225020192	1587647225021254	1062	0
781	397	198.5	95.28	1587647225030238	1587647225031352	1114	0
782	397.5	198.75	95.4	1587647225040535	1587647225041629	1094	0
783	398.05	199.025	95.532	1587647225050695	1587647225051769	1074	0
784	398.55	199.275	95.652	1587647225060781	1587647225061855	1074	0
785	399.05	199.525	95.772	1587647225070946	1587647225072075	1129	0
786	399.55	199.775	95.892	1587647225081180	1587647225082276	1096	0
787	400.05	200.025	96.012	1587647225091364	1587647225092439	1075	0
788	400.55	200.275	96.132	1587647225101531	1587647225102601	1070	0
789	401.1	200.55	96.264	1587647225111727	1587647225112799	1072	0
790	401.6	200.8	96.384	1587647225121871	1587647225122969	1098	0
791	402.1	201.05	96.504	1587647225132047	1587647225133115	1068	0
792	402.6	201.3	96.624	1587647225142143	1587647225143237	1094	0
793	403.1	201.55	96.744	1587647225152389	1587647225153456	1067	0
794	403.6	201.8	96.864	1587647225162499	1587647225163560	1061	0
795	404.15	202.075	96.996	1587647225172666	1587647225173751	1085	0
796	404.65	202.325	97.116	1587647225182876	1587647225183946	1070	0
797	405.15	202.575	97.236	1587647225193073	1587647225194115	1042	0
798	405.65	202.825	97.356	1587647225203234	1587647225204304	1070	0
799	406.15	203.075	97.476	1587647225213426	1587647225214497	1071	0
800	406.65	203.325	97.596	1587647225223588	1587647225224650	1062	0
801	407.2	203.6	97.728	1587647225233710	1587647225234817	1107	0
802	407.7	203.85	97.848	1587647225243884	1587647225244953	1069	0
803	408.2	204.1	97.968	1587647225254019	1587647225255110	1091	0
804	408.7	204.35	98.088	1587647225264254	1587647225265324	1070	0
805	409.2	204.6	98.208	1587647225274267	1587647225275356	1089	0
806	409.7	204.85	98.328	1587647225284500	1587647225285624	1124	0
807	410.25	205.125	98.46	1587647225294632	1587647225295698	1066	0
808	410.75	205.375	98.58	1587647225304855	1587647225305869	1014	0
809	411.25	205.625	98.7	1587647225315051	1587647225316120	1069	0
810	411.75	205.875	98.82	1587647225325188	1587647225326234	1046	0
811	412.25	206.125	98.94	1587647225335373	1587647225336445	1072	0
812	412.75	206.375	99.06	1587647225345549	1587647225346618	1069	0
813	413.3	206.65	99.192	1587647225355661	1587647225356749	1088	0
814	413.8	206.9	99.312	1587647225365889	1587647225366987	1098	0
815	414.3	207.15	99.432	1587647225376047	1587647225377106	1059	0
816	414.8	207.4	99.552	1587647225386129	1587647225387190	1061	0
817	415.3	207.65	99.672	1587647225396424	1587647225397498	1074	0
818	415.8	207.9	99.792	1587647225406529	1587647225407587	1058	0
819	416.35	208.175	99.924	1587647225416745	1587647225417797	1052	0
820	416.85	208.425	100.044	1587647225426865	1587647225427953	1088	0
821	417.35	208.675	100.164	1587647225437074	1587647225438110	1036	0
822	417.85	208.925	100.284	1587647225447237	1587647225448303	1066	0
823	418.35	209.175	100.404	1587647225457403	1587647225458471	1068	0
824	418.85	209.425	100.524	1587647225467574	1587647225468648	1074	0
825	419.4	209.7	100.656	1587647225477728	1587647225478815	1087	0
826	419.9	209.95	100.776	1587647225487908	1587647225488983	1075	0
827	420.4	210.2	100.896	1587647225498002	1587647225499107	1105	0
828	420.9	210.45	101.016	1587647225508248	1587647225509323	1075	0
829	421.4	210.7	101.136	1587647225518362	1587647225519432	1070	0
830	421.9	210.95	101.256	1587647225528560	1587647225529629	1069	0
831	422.45	211.225	101.388	1587647225538710	1587647225539774	1064	0
832	422.95	211.475	101.508	1587647225548879	1587647225549914	1035	0
833	423.45	211.725	101.628	1587647225558891	1587647225560057	1166	0
834	423.95	211.975	101.748	1587647225569147	1587647225570271	1124	0
835	424.45	212.225	101.868	1587647225579321	1587647225580465	1144	0
836	424.95	212.475	101.988	1587647225589485	1587647225590633	1148	0
837	425.5	212.75	102.12	1587647225599676	1587647225600745	1069	0
838	426	213	102.24	1587647225609807	1587647225610945	1138	0
839	426.5	213.25	102.36	1587647225620096	1587647225621167	1071	0
840	427	213.5	102.48	1587647225630184	1587647225631274	1090	0
841	427.5	213.75	102.6	1587647225640431	1587647225641496	1065	0
842	428	214	102.72	1587647225650550	1587647225651630	1080	0
843	428.55	214.275	102.852	1587647225660772	1587647225661825	1053	0
844	429.05	214.525	102.972	1587647225670896	1587647225671987	1091	0
845	429.55	214.775	103.092	1587647225680954	1587647225682078	1124	0
846	430.05	215.025	103.212	1587647225691125	1587647225692285	1160	0
847	430.55	215.275	103.332	1587647225701409	1587647225702531	1122	0
848	431.05	215.525	103.452	1587647225711542	1587647225712680	1138	0
849	431.6	215.8	103.584	1587647225721749	1587647225722887	1138	0
850	432.1	216.05	103.704	1587647225731889	1587647225733029	1140	0
851	432.6	216.3	103.824	1587647225741962	1587647225743152	1190	0
852	433.1	216.55	103.944	1587647225752143	1587647225753308	1165	0
853	433.6	216.8	104.064	1587647225762271	1587647225763433	1162	0
854	434.1	217.05	104.184	1587647225772444	1587647225773615	1171	0
855	434.65	217.325	104.316	1587647225782611	1587647225783775	1164	0
856	435.15	217.575	104.436	1587647225792779	1587647225793874	1095	0
857	435.65	217.825	104.556	1587647225803071	1587647225804199	1128	0
858	436.15	218.075	104.676	1587647225813207	1587647225814329	1122	0
859	436.65	218.325	104.796	1587647225823414	1587647225824553	1139	0
860	437.15	218.575	104.916	1587647225833558	1587647225834705	1147	0
861	437.7	218.85	105.048	1587647225843727	1587647225844875	1148	0
862	438.2	219.1	105.168	1587647225853855	1587647225855033	1178	0
863	438.7	219.35	105.288	1587647225864063	1587647225865209	1146	0
864	439.2	219.6	105.408	1587647225874160	1587647225875351	1191	0
865	439.7	219.85	105.528	1587647225884412	1587647225885552	1140	0
866	440.25	220.125	105.66	1587647225894579	1587647225895723	1144	0
867	440.75	220.375	105.78	1587647225904795	1587647225905924	1129	0
868	441.25	220.625	105.9	1587647225914812	1587647225916005	1193	0
869	441.75	220.875	106.02	1587647225925118	1587647225926238	1120	0
870	442.25	221.125	106.14	1587647225935267	1587647225936415	1148	0
871	442.75	221.375	106.26	1587647225945441	1587647225946582	1141	0
872	443.3	221.65	106.392	1587647225955608	1587647225956750	1142	0
873	443.8	221.9	106.512	1587647225965775	1587647225966921	1146	0
874	444.3	222.15	106.632	1587647225975971	1587647225977099	1128	0
875	444.8	222.4	106.752	1587647225986023	1587647225987211	1188	0
876	445.3	222.65	106.872	1587647225996307	1587647225997453	1146	0
877	445.8	222.9	106.992	1587647226006477	1587647226007618	1141	0
878	446.35	223.175	107.124	1587647226016594	1587647226017735	1141	0
879	446.85	223.425	107.244	1587647226026834	1587647226027909	1075	0
880	447.35	223.675	107.364	1587647226037001	1587647226038080	1079	0
881	447.85	223.925	107.484	1587647226047168	1587647226048283	1115	0
882	448.35	224.175	107.604	1587647226057337	1587647226058451	1114	0
883	448.85	224.425	107.724	1587647226067500	1587647226068614	1114	0
884	449.4	224.7	107.856	1587647226077671	1587647226078776	1105	0
885	449.9	224.95	107.976	1587647226087827	1587647226088925	1098	0
886	450.4	225.2	108.096	1587647226097900	1587647226099069	1169	0
887	450.9	225.45	108.216	1587647226108160	1587647226109281	1121	0
888	451.4	225.7	108.336	1587647226118294	1587647226119409	1115	0
889	451.9	225.95	108.456	1587647226128471	1587647226129583	1112	0
890	452.45	226.225	108.588	1587647226138662	1587647226139777	1115	0
891	452.95	226.475	108.708	1587647226148836	1587647226149846	1010	0
892	453.45	226.725	108.828	1587647226158956	1587647226160113	1157	0
893	453.95	226.975	108.948	1587647226169181	1587647226170285	1104	0
894	454.45	227.225	109.068	1587647226179359	1587647226180439	1080	0
895	454.95	227.475	109.188	1587647226189514	1587647226190634	1120	0
896	455.5	227.75	109.32	1587647226199688	1587647226200768	1080	0
897	456	228	109.44	1587647226209858	1587647226210980	1122	0
898	456.5	228.25	109.56	1587647226220032	1587647226221149	1117	0
899	457	228.5	109.68	1587647226230126	1587647226231275	1149	0
900	457.5	228.75	109.8	1587647226240406	1587647226241522	1116	0
901	458	229	109.92	1587647226250573	1587647226251686	1113	0
902	458.55	229.275	110.052	1587647226260742	1587647226261851	1109	0
903	459.05	229.525	110.172	1587647226270907	1587647226272019	1112	0
904	459.55	229.775	110.292	1587647226281331	1587647226282496	1165	0
905	460.1	230.05	110.424	1587647226291651	1587647226292767	1116	0
906	460.6	230.3	110.544	1587647226301752	-1	-1	1
907	461.1	230.55	110.664	1587647226311873	1587647226313074	1201	0
908	461.6	230.8	110.784	1587647226322021	1587647226323190	1169	0
909	462.1	231.05	110.904	1587647226332347	1587647226333442	1095	0
910	462.6	231.3	111.024	1587647226342434	1587647226343567	1133	0
911	463.15	231.575	111.156	1587647226352646	1587647226353710	1064	0
912	463.65	231.825	111.276	1587647226362734	1587647226363894	1160	0
913	464.15	232.075	111.396	1587647226372904	1587647226374028	1124	0
914	464.65	232.325	111.516	1587647226383124	1587647226384216	1092	0
915	465.15	232.575	111.636	1587647226393222	1587647226394355	1133	0
916	465.65	232.825	111.756	1587647226404397	1587647226405575	1178	0
917	466.2	233.1	111.888	1587647226413625	1587647226414747	1122	0
918	466.7	233.35	112.008	1587647226423711	1587647226424901	1190	0
919	467.2	233.6	112.128	1587647226433928	1587647226435091	1163	0
920	467.7	233.85	112.248	1587647226444048	1587647226445253	1205	0
921	468.2	234.1	112.368	1587647226454181	1587647226455384	1203	0
922	468.7	234.35	112.488	1587647226464396	1587647226465596	1200	0
923	469.25	234.625	112.62	1587647226474622	1587647226475755	1133	0
924	469.75	234.875	112.74	1587647226484729	1587647226485923	1194	0
925	470.25	235.125	112.86	1587647226494904	1587647226496090	1186	0
926	470.75	235.375	112.98	1587647226505625	1587647226506758	1133	0
927	471.25	235.625	113.1	1587647226515344	1587647226516369	1025	0
928	471.75	235.875	113.22	1587647226525490	1587647226526579	1089	0
929	472.3	236.15	113.352	1587647226535724	1587647226536799	1075	0
930	472.8	236.4	113.472	1587647226545892	1587647226546962	1070	0
931	473.3	236.65	113.592	1587647226556041	1587647226557115	1074	0
932	473.8	236.9	113.712	1587647226566180	1587647226567259	1079	0
933	474.3	237.15	113.832	1587647226576335	1587647226577393	1058	0
934	474.8	237.4	113.952	1587647226586537	1587647226587639	1102	0
935	475.35	237.675	114.084	1587647226596721	1587647226597803	1082	0
936	475.85	237.925	114.204	1587647226606880	1587647226607954	1074	0
937	476.35	238.175	114.324	1587647226617029	1587647226618048	1019	0
938	476.85	238.425	114.444	1587647226627212	1587647226628211	999	0
939	477.35	238.675	114.564	1587647226637399	1587647226638450	1051	0
940	477.85	238.925	114.684	1587647226647526	1587647226648608	1082	0
941	478.4	239.2	114.816	1587647226657711	1587647226658786	1075	0
942	478.9	239.45	114.936	1587647226667883	1587647226668965	1082	0
943	479.4	239.7	115.056	1587647226678019	1587647226679099	1080	0
944	479.9	239.95	115.176	1587647226688202	1587647226689285	1083	0
945	480.4	240.2	115.296	1587647226698262	1587647226699393	1131	0
946	480.9	240.45	115.416	1587647226708524	1587647226709607	1083	0
947	481.45	240.725	115.548	1587647226718679	1587647226719757	1078	0
948	481.95	240.975	115.668	1587647226728638	1587647226729819	1181	0
949	482.45	241.225	115.788	1587647226739024	1587647226740097	1073	0
950	482.95	241.475	115.908	1587647226749170	1587647226750233	1063	0
951	483.45	241.725	116.028	1587647226759345	1587647226760420	1075	0
952	483.95	241.975	116.148	1587647226769554	1587647226770657	1103	0
953	484.5	242.25	116.28	1587647226779716	1587647226781106	1390	0
954	485	242.5	116.4	1587647226789884	1587647226791034	1150	0
955	485.5	242.75	116.52	1587647226800045	1587647226801183	1138	0
956	486	243	116.64	1587647226810156	1587647226811255	1099	0
957	486.5	243.25	116.76	1587647226820369	1587647226821455	1086	0
958	487	243.5	116.88	1587647226830508	1587647226831586	1078	0
959	487.55	243.775	117.012	1587647226840712	1587647226841831	1119	0
960	488.05	244.025	117.132	1587647226850872	1587647226851979	1107	0
961	488.55	244.275	117.252	1587647226861035	1587647226862110	1075	0
962	489.05	244.525	117.372	1587647226871198	1587647226872313	1115	0
963	489.55	244.775	117.492	1587647226881365	1587647226882485	1120	0
964	490.05	245.025	117.612	1587647226891536	1587647226892647	1111	0
965	490.6	245.3	117.744	1587647226901678	1587647226902821	1143	0
966	491.1	245.55	117.864	1587647226911843	1587647226912944	1101	0
967	491.6	245.8	117.984	1587647226922026	1587647226923084	1058	0
968	492.1	246.05	118.104	1587647226932221	1587647226933297	1076	0
969	492.6	246.3	118.224	1587647226942386	1587647226943425	1039	0
970	493.1	246.55	118.344	1587647226952534	1587647226953625	1091	0
971	493.65	246.825	118.476	1587647226962698	1587647226963776	1078	0
972	494.15	247.075	118.596	1587647226972862	1587647226973912	1050	0
973	494.65	247.325	118.716	1587647226982995	1587647226984032	1037	0
974	495.15	247.575	118.836	1587647226993197	1587647226994309	1112	0
975	495.65	247.825	118.956	1587647227003359	1587647227004461	1102	0
976	496.15	248.075	119.076	1587647227013534	1587647227014616	1082	0
977	496.7	248.35	119.208	1587647227023669	1587647227024743	1074	0
978	497.2	248.6	119.328	1587647227033844	1587647227034937	1093	0
979	497.7	248.85	119.448	1587647227043917	1587647227045119	1202	0
980	498.2	249.1	119.568	1587647227054238	1587647227055307	1069	0
981	498.7	249.35	119.688	1587647227064375	1587647227065452	1077	0
982	499.2	249.6	119.808	1587647227074504	1587647227075580	1076	0
983	499.75	249.875	119.94	1587647227084673	1587647227085759	1086	0
984	500.25	250.125	120.06	1587647227094863	1587647227095911	1048	0
985	500.75	250.375	120.18	1587647227104970	1587647227106004	1034	0
986	501.25	250.625	120.3	1587647227115146	1587647227116254	1108	0
987	501.75	250.875	120.42	1587647227125336	1587647227126415	1079	0
988	502.25	251.125	120.54	1587647227135440	1587647227136558	1118	0
989	502.8	251.4	120.672	1587647227145663	1587647227146746	1083	0
990	503.3	251.65	120.792	1587647227155833	1587647227156918	1085	0
991	503.8	251.9	120.912	1587647227165884	1587647227167020	1136	0
992	504.3	252.15	121.032	1587647227176128	1587647227177226	1098	0
993	504.8	252.4	121.152	1587647227186227	1587647227187330	1103	0
994	505.3	252.65	121.272	1587647227196411	1587647227197513	1102	0
995	505.8	252.9	121.392	1587647227206602	1587647227207693	1091	0
996	506.35	253.175	121.524	1587647227216766	1587647227217899	1133	0
997	506.85	253.425	121.644	1587647227226964	1587647227228043	1079	0
998	507.35	253.675	121.764	1587647227237056	1587647227238136	1080	0
999	507.85	253.925	121.884	1587647227247286	1587647227248369	1083	0
Total loss: 5
