1	0	0	0	1587647217089704
2	0.5	0.25	0.12	1587647217099846
3	1	0.5	0.24	1587647217109962
4	1.55	0.775	0.372	1587647217120074
5	2.05	1.025	0.492	1587647217130209
6	2.55	1.275	0.612	1587647217140375
7	3.05	1.525	0.732	1587647217150535
8	3.55	1.775	0.852	1587647217160693
9	4.05	2.025	0.972	1587647217170855
10	4.55	2.275	1.092	1587647217181064
11	5.1	2.55	1.224	1587647217191214
12	5.6	2.8	1.344	1587647217201369
13	6.1	3.05	1.464	1587647217211533
14	6.6	3.3	1.584	1587647217221691
15	7.1	3.55	1.704	1587647217231853
16	7.6	3.8	1.824	1587647217241989
17	8.15	4.075	1.956	1587647217252113
18	8.65	4.325	2.076	1587647217262249
19	9.15	4.575	2.196	1587647217272410
20	9.65	4.825	2.316	1587647217282595
21	10.15	5.075	2.436	1587647217292716
22	10.65	5.325	2.556	1587647217302877
23	11.15	5.575	2.676	1587647217313056
24	11.7	5.85	2.808	1587647217323241
25	12.2	6.1	2.928	1587647217333413
26	12.7	6.35	3.048	1587647217343575
27	13.2	6.6	3.168	1587647217353731
28	13.7	6.85	3.288	1587647217363889
29	14.25	7.125	3.42	1587647217374043
30	14.75	7.375	3.54	1587647217384260
31	15.25	7.625	3.66	1587647217394372
32	15.75	7.875	3.78	1587647217404535
33	16.25	8.125	3.9	1587647217414698
34	16.75	8.375	4.02	1587647217424870
35	17.25	8.625	4.14	1587647217435034
36	17.8	8.9	4.272	1587647217445180
37	18.3	9.15	4.392	1587647217455342
38	18.8	9.4	4.512	1587647217465504
39	19.3	9.65	4.632	1587647217475695
40	19.8	9.9	4.752	1587647217485881
41	20.3	10.15	4.872	1587647217496038
42	20.85	10.425	5.004	1587647217506189
43	21.35	10.675	5.124	1587647217516353
44	21.85	10.925	5.244	1587647217526519
45	22.35	11.175	5.364	1587647217536681
46	22.85	11.425	5.484	1587647217546842
47	23.35	11.675	5.604	1587647217557011
48	23.9	11.95	5.736	1587647217567171
49	24.4	12.2	5.856	1587647217577332
50	24.9	12.45	5.976	1587647217587518
51	25.4	12.7	6.096	1587647217597680
52	25.9	12.95	6.216	1587647217607845
53	26.4	13.2	6.336	1587647217618004
54	26.95	13.475	6.468	1587647217628163
55	27.45	13.725	6.588	1587647217638306
56	27.95	13.975	6.708	1587647217648460
57	28.45	14.225	6.828	1587647217658623
58	28.95	14.475	6.948	1587647217668781
59	29.45	14.725	7.068	1587647217678941
60	30	15	7.2	1587647217689146
61	30.5	15.25	7.32	1587647217699295
62	31	15.5	7.44	1587647217709451
63	31.5	15.75	7.56	1587647217719610
64	32	16	7.68	1587647217729737
65	32.5	16.25	7.8	1587647217739894
66	33.05	16.525	7.932	1587647217750056
67	33.55	16.775	8.052	1587647217760216
68	34.05	17.025	8.172	1587647217770376
69	34.55	17.275	8.292	1587647217780796
70	35.05	17.525	8.412	1587647217790988
71	35.6	17.8	8.544	1587647217801135
72	36.1	18.05	8.664	1587647217811290
73	36.6	18.3	8.784	1587647217821448
74	37.1	18.55	8.904	1587647217831610
75	37.6	18.8	9.024	1587647217841735
76	38.1	19.05	9.144	1587647217851867
77	38.6	19.3	9.264	1587647217862040
78	39.15	19.575	9.396	1587647217872205
79	39.65	19.825	9.516	1587647217882367
80	40.15	20.075	9.636	1587647217892553
81	40.65	20.325	9.756	1587647217902705
82	41.15	20.575	9.876	1587647217912865
83	41.65	20.825	9.996	1587647217923023
84	42.2	21.1	10.128	1587647217933182
85	42.7	21.35	10.248	1587647217943353
86	43.2	21.6	10.368	1587647217953514
87	43.7	21.85	10.488	1587647217963675
88	44.2	22.1	10.608	1587647217973805
89	44.7	22.35	10.728	1587647217983967
90	45.25	22.625	10.86	1587647217994129
91	45.75	22.875	10.98	1587647218004279
92	46.25	23.125	11.1	1587647218014436
93	46.75	23.375	11.22	1587647218024614
94	47.25	23.625	11.34	1587647218034803
95	47.75	23.875	11.46	1587647218044962
96	48.3	24.15	11.592	1587647218055123
97	48.8	24.4	11.712	1587647218065281
98	49.3	24.65	11.832	1587647218075447
99	49.8	24.9	11.952	1587647218085613
100	50.3	25.15	12.072	1587647218095804
101	50.8	25.4	12.192	1587647218105963
102	51.35	25.675	12.324	1587647218116137
103	51.85	25.925	12.444	1587647218126298
104	52.35	26.175	12.564	1587647218136470
105	52.85	26.425	12.684	1587647218146640
106	53.35	26.675	12.804	1587647218156811
107	53.85	26.925	12.924	1587647218166979
108	54.4	27.2	13.056	1587647218177146
109	54.9	27.45	13.176	1587647218187307
110	55.4	27.7	13.296	1587647218197503
111	55.9	27.95	13.416	1587647218207659
112	56.4	28.2	13.536	1587647218217806
113	56.9	28.45	13.656	1587647218227968
114	57.45	28.725	13.788	1587647218238115
115	57.95	28.975	13.908	1587647218248286
116	58.45	29.225	14.028	1587647218258459
117	58.95	29.475	14.148	1587647218268626
118	59.45	29.725	14.268	1587647218278763
119	59.95	29.975	14.388	1587647218288925
120	60.5	30.25	14.52	1587647218299117
121	61	30.5	14.64	1587647218309268
122	61.5	30.75	14.76	1587647218319444
123	62	31	14.88	1587647218329591
124	62.5	31.25	15	1587647218339764
125	63	31.5	15.12	1587647218349897
126	63.55	31.775	15.252	1587647218360064
127	64.05	32.025	15.372	1587647218370242
128	64.55	32.275	15.492	1587647218380403
129	65.05	32.525	15.612	1587647218390572
130	65.55	32.775	15.732	1587647218400764
131	66.05	33.025	15.852	1587647218410915
132	66.6	33.3	15.984	1587647218421090
133	67.1	33.55	16.104	1587647218431260
134	67.6	33.8	16.224	1587647218441447
135	68.1	34.05	16.344	1587647218451604
136	68.6	34.3	16.464	1587647218461738
137	69.1	34.55	16.584	1587647218471903
138	69.65	34.825	16.716	1587647218482065
139	70.15	35.075	16.836	1587647218492233
140	70.65	35.325	16.956	1587647218502426
141	71.15	35.575	17.076	1587647218512591
142	71.65	35.825	17.196	1587647218522757
143	72.15	36.075	17.316	1587647218532924
144	72.7	36.35	17.448	1587647218543090
145	73.2	36.6	17.568	1587647218553263
146	73.7	36.85	17.688	1587647218563431
147	74.2	37.1	17.808	1587647218573613
148	74.7	37.35	17.928	1587647218583779
149	75.2	37.6	18.048	1587647218593911
150	75.75	37.875	18.18	1587647218604105
151	76.25	38.125	18.3	1587647218614265
152	76.75	38.375	18.42	1587647218624422
153	77.25	38.625	18.54	1587647218634587
154	77.75	38.875	18.66	1587647218644746
155	78.25	39.125	18.78	1587647218654913
156	78.8	39.4	18.912	1587647218665073
157	79.3	39.65	19.032	1587647218675251
158	79.8	39.9	19.152	1587647218685426
159	80.3	40.15	19.272	1587647218695583
160	80.8	40.4	19.392	1587647218705735
161	81.3	40.65	19.512	1587647218715891
162	81.85	40.925	19.644	1587647218726053
163	82.35	41.175	19.764	1587647218736217
164	82.85	41.425	19.884	1587647218746391
165	83.35	41.675	20.004	1587647218756556
166	83.85	41.925	20.124	1587647218766721
167	84.35	42.175	20.244	1587647218776889
168	84.9	42.45	20.376	1587647218787047
169	85.4	42.7	20.496	1587647218797211
170	85.9	42.95	20.616	1587647218807404
171	86.4	43.2	20.736	1587647218817544
172	86.9	43.45	20.856	1587647218827686
173	87.4	43.7	20.976	1587647218837810
174	87.9	43.95	21.096	1587647218847976
175	88.45	44.225	21.228	1587647218858133
176	88.95	44.475	21.348	1587647218868299
177	89.45	44.725	21.468	1587647218878459
178	89.95	44.975	21.588	1587647218888620
179	90.45	45.225	21.708	1587647218898782
180	90.95	45.475	21.828	1587647218908965
181	91.5	45.75	21.96	1587647218919114
182	92	46	22.08	1587647218929270
183	92.5	46.25	22.2	1587647218939439
184	93	46.5	22.32	1587647218949622
185	93.5	46.75	22.44	1587647218959753
186	94	47	22.56	1587647218969880
187	94.55	47.275	22.692	1587647218980047
188	95.05	47.525	22.812	1587647218990196
189	95.55	47.775	22.932	1587647219000362
190	96.05	48.025	23.052	1587647219010559
191	96.55	48.275	23.172	1587647219020718
192	97.05	48.525	23.292	1587647219030880
193	97.6	48.8	23.424	1587647219041052
194	98.1	49.05	23.544	1587647219051220
195	98.6	49.3	23.664	1587647219061383
196	99.1	49.55	23.784	1587647219071553
197	99.6	49.8	23.904	1587647219081716
198	100.1	50.05	24.024	1587647219091897
199	100.65	50.325	24.156	1587647219102079
200	101.15	50.575	24.276	1587647219112281
201	101.65	50.825	24.396	1587647219122450
202	102.15	51.075	24.516	1587647219132615
203	102.65	51.325	24.636	1587647219142781
204	103.15	51.575	24.756	1587647219152946
205	103.7	51.85	24.888	1587647219163125
206	104.2	52.1	25.008	1587647219173253
207	104.7	52.35	25.128	1587647219183418
208	105.2	52.6	25.248	1587647219193601
209	105.7	52.85	25.368	1587647219203770
210	106.2	53.1	25.488	1587647219213922
211	106.75	53.375	25.62	1587647219224082
212	107.25	53.625	25.74	1587647219234261
213	107.75	53.875	25.86	1587647219244420
214	108.25	54.125	25.98	1587647219254588
215	108.75	54.375	26.1	1587647219264752
216	109.25	54.625	26.22	1587647219274939
217	109.8	54.9	26.352	1587647219285104
218	110.3	55.15	26.472	1587647219295246
219	110.8	55.4	26.592	1587647219305416
220	111.3	55.65	26.712	1587647219315605
221	111.8	55.9	26.832	1587647219325732
222	112.3	56.15	26.952	1587647219335910
223	112.85	56.425	27.084	1587647219346053
224	113.35	56.675	27.204	1587647219356217
225	113.85	56.925	27.324	1587647219366385
226	114.35	57.175	27.444	1587647219376548
227	114.85	57.425	27.564	1587647219386713
228	115.35	57.675	27.684	1587647219396887
229	115.9	57.95	27.816	1587647219407074
230	116.4	58.2	27.936	1587647219417263
231	116.9	58.45	28.056	1587647219427381
232	117.4	58.7	28.176	1587647219437547
233	117.9	58.95	28.296	1587647219447728
234	118.4	59.2	28.416	1587647219457855
235	118.9	59.45	28.536	1587647219468013
236	119.45	59.725	28.668	1587647219478156
237	119.95	59.975	28.788	1587647219488283
238	120.45	60.225	28.908	1587647219498447
239	120.95	60.475	29.028	1587647219508615
240	121.45	60.725	29.148	1587647219518804
241	121.95	60.975	29.268	1587647219528959
242	122.5	61.25	29.4	1587647219539123
243	123	61.5	29.52	1587647219549289
244	123.5	61.75	29.64	1587647219559460
245	124	62	29.76	1587647219569629
246	124.5	62.25	29.88	1587647219579794
247	125	62.5	30	1587647219589925
248	125.55	62.775	30.132	1587647219600087
249	126.05	63.025	30.252	1587647219610256
250	126.55	63.275	30.372	1587647219620474
251	127.05	63.525	30.492	1587647219630626
252	127.55	63.775	30.612	1587647219640758
253	128.05	64.025	30.732	1587647219650926
254	128.6	64.3	30.864	1587647219661066
255	129.1	64.55	30.984	1587647219671226
256	129.6	64.8	31.104	1587647219681415
257	130.1	65.05	31.224	1587647219691598
258	130.6	65.3	31.344	1587647219701720
259	131.1	65.55	31.464	1587647219711882
260	131.6	65.8	31.584	1587647219722067
261	132.15	66.075	31.716	1587647219732220
262	132.65	66.325	31.836	1587647219742382
263	133.15	66.575	31.956	1587647219752543
264	133.65	66.825	32.076	1587647219762706
265	134.15	67.075	32.196	1587647219772871
266	134.65	67.325	32.316	1587647219783031
267	135.2	67.6	32.448	1587647219793199
268	135.7	67.85	32.568	1587647219803361
269	136.2	68.1	32.688	1587647219813513
270	136.7	68.35	32.808	1587647219823701
271	137.2	68.6	32.928	1587647219833820
272	137.7	68.85	33.048	1587647219843985
273	138.25	69.125	33.18	1587647219854147
274	138.75	69.375	33.3	1587647219864306
275	139.25	69.625	33.42	1587647219874476
276	139.75	69.875	33.54	1587647219884643
277	140.25	70.125	33.66	1587647219894802
278	140.75	70.375	33.78	1587647219904965
279	141.3	70.65	33.912	1587647219915096
280	141.8	70.9	34.032	1587647219925291
281	142.3	71.15	34.152	1587647219935444
282	142.8	71.4	34.272	1587647219945617
283	143.3	71.65	34.392	1587647219955781
284	143.8	71.9	34.512	1587647219965914
285	144.35	72.175	34.644	1587647219976084
286	144.85	72.425	34.764	1587647219986248
287	145.35	72.675	34.884	1587647219996411
288	145.85	72.925	35.004	1587647220006536
289	146.35	73.175	35.124	1587647220016702
290	146.85	73.425	35.244	1587647220026900
291	147.4	73.7	35.376	1587647220037078
292	147.9	73.95	35.496	1587647220047239
293	148.4	74.2	35.616	1587647220057408
294	148.9	74.45	35.736	1587647220067584
295	149.4	74.7	35.856	1587647220077752
296	149.9	74.95	35.976	1587647220087919
297	150.45	75.225	36.108	1587647220098066
298	150.95	75.475	36.228	1587647220108234
299	151.45	75.725	36.348	1587647220118398
300	151.95	75.975	36.468	1587647220128581
301	152.45	76.225	36.588	1587647220138743
302	152.95	76.475	36.708	1587647220148913
303	153.5	76.75	36.84	1587647220159073
304	154	77	36.96	1587647220169240
305	154.5	77.25	37.08	1587647220179400
306	155	77.5	37.2	1587647220189576
307	155.5	77.75	37.32	1587647220199743
308	156	78	37.44	1587647220209872
309	156.5	78.25	37.56	1587647220220036
310	157.05	78.525	37.692	1587647220230223
311	157.55	78.775	37.812	1587647220240390
312	158.05	79.025	37.932	1587647220250525
313	158.55	79.275	38.052	1587647220260687
314	159.05	79.525	38.172	1587647220270861
315	159.55	79.775	38.292	1587647220280996
316	160.1	80.05	38.424	1587647220291165
317	160.6	80.3	38.544	1587647220301348
318	161.1	80.55	38.664	1587647220311509
319	161.6	80.8	38.784	1587647220321664
320	162.1	81.05	38.904	1587647220331866
321	162.6	81.3	39.024	1587647220342025
322	163.15	81.575	39.156	1587647220352193
323	163.65	81.825	39.276	1587647220362354
324	164.15	82.075	39.396	1587647220372532
325	164.65	82.325	39.516	1587647220382699
326	165.15	82.575	39.636	1587647220392873
327	165.65	82.825	39.756	1587647220403040
328	166.2	83.1	39.888	1587647220413202
329	166.7	83.35	40.008	1587647220423369
330	167.2	83.6	40.128	1587647220433551
331	167.7	83.85	40.248	1587647220443719
332	168.2	84.1	40.368	1587647220453849
333	168.7	84.35	40.488	1587647220464012
334	169.25	84.625	40.62	1587647220474182
335	169.75	84.875	40.74	1587647220484374
336	170.25	85.125	40.86	1587647220494512
337	170.75	85.375	40.98	1587647220504679
338	171.25	85.625	41.1	1587647220514804
339	171.75	85.875	41.22	1587647220524973
340	172.3	86.15	41.352	1587647220535167
341	172.8	86.4	41.472	1587647220545322
342	173.3	86.65	41.592	1587647220555499
343	173.8	86.9	41.712	1587647220565674
344	174.3	87.15	41.832	1587647220575846
345	174.8	87.4	41.952	1587647220585989
346	175.35	87.675	42.084	1587647220596153
347	175.85	87.925	42.204	1587647220606302
348	176.35	88.175	42.324	1587647220616471
349	176.85	88.425	42.444	1587647220626636
350	177.35	88.675	42.564	1587647220636844
351	177.85	88.925	42.684	1587647220647001
352	178.4	89.2	42.816	1587647220657167
353	178.9	89.45	42.936	1587647220667334
354	179.4	89.7	43.056	1587647220677457
355	179.9	89.95	43.176	1587647220687631
356	180.4	90.2	43.296	1587647220697758
357	180.9	90.45	43.416	1587647220707922
358	181.45	90.725	43.548	1587647220718063
359	181.95	90.975	43.668	1587647220728223
360	182.45	91.225	43.788	1587647220738408
361	182.95	91.475	43.908	1587647220748560
362	183.45	91.725	44.028	1587647220758721
363	183.95	91.975	44.148	1587647220768883
364	184.5	92.25	44.28	1587647220779051
365	185	92.5	44.4	1587647220789217
366	185.5	92.75	44.52	1587647220799384
367	186	93	44.64	1587647220809551
368	186.5	93.25	44.76	1587647220819746
369	187	93.5	44.88	1587647220829912
370	187.55	93.775	45.012	1587647220840102
371	188.05	94.025	45.132	1587647220850266
372	188.55	94.275	45.252	1587647220860436
373	189.05	94.525	45.372	1587647220870615
374	189.55	94.775	45.492	1587647220880782
375	190.05	95.025	45.612	1587647220890960
376	190.6	95.3	45.744	1587647220901138
377	191.1	95.55	45.864	1587647220911306
378	191.6	95.8	45.984	1587647220921476
379	192.1	96.05	46.104	1587647220931645
380	192.6	96.3	46.224	1587647220941838
381	193.1	96.55	46.344	1587647220951999
382	193.65	96.825	46.476	1587647220962167
383	194.15	97.075	46.596	1587647220972340
384	194.65	97.325	46.716	1587647220982514
385	195.15	97.575	46.836	1587647220992690
386	195.65	97.825	46.956	1587647221002867
387	196.15	98.075	47.076	1587647221013026
388	196.7	98.35	47.208	1587647221023195
389	197.2	98.6	47.328	1587647221033363
390	197.7	98.85	47.448	1587647221043551
391	198.2	99.1	47.568	1587647221053703
392	198.7	99.35	47.688	1587647221063877
393	199.25	99.625	47.82	1587647221074049
394	199.75	99.875	47.94	1587647221084216
395	200.25	100.125	48.06	1587647221094385
396	200.75	100.375	48.18	1587647221104552
397	201.25	100.625	48.3	1587647221114712
398	201.75	100.875	48.42	1587647221124876
399	202.3	101.15	48.552	1587647221135044
400	202.8	101.4	48.672	1587647221145235
401	203.3	101.65	48.792	1587647221155396
402	203.8	101.9	48.912	1587647221165570
403	204.3	102.15	49.032	1587647221175739
404	204.8	102.4	49.152	1587647221185902
405	205.35	102.675	49.284	1587647221196069
406	205.85	102.925	49.404	1587647221206237
407	206.35	103.175	49.524	1587647221216408
408	206.85	103.425	49.644	1587647221226591
409	207.35	103.675	49.764	1587647221236755
410	207.85	103.925	49.884	1587647221246944
411	208.4	104.2	50.016	1587647221257102
412	208.9	104.45	50.136	1587647221267272
413	209.4	104.7	50.256	1587647221277443
414	209.9	104.95	50.376	1587647221287608
415	210.4	105.2	50.496	1587647221297739
416	210.9	105.45	50.616	1587647221307910
417	211.45	105.725	50.748	1587647221318065
418	211.95	105.975	50.868	1587647221328248
419	212.45	106.225	50.988	1587647221338418
420	212.95	106.475	51.108	1587647221348610
421	213.45	106.725	51.228	1587647221358769
422	213.95	106.975	51.348	1587647221368948
423	214.5	107.25	51.48	1587647221379112
424	215	107.5	51.6	1587647221389282
425	215.5	107.75	51.72	1587647221399448
426	216	108	51.84	1587647221409618
427	216.5	108.25	51.96	1587647221419790
428	217	108.5	52.08	1587647221429965
429	217.55	108.775	52.212	1587647221440133
430	218.05	109.025	52.332	1587647221450325
431	218.55	109.275	52.452	1587647221460493
432	219.05	109.525	52.572	1587647221470663
433	219.55	109.775	52.692	1587647221480835
434	220.05	110.025	52.812	1587647221491002
435	220.6	110.3	52.944	1587647221501173
436	221.1	110.55	53.064	1587647221511340
437	221.6	110.8	53.184	1587647221521513
438	222.1	111.05	53.304	1587647221531703
439	222.6	111.3	53.424	1587647221541869
440	223.1	111.55	53.544	1587647221552060
441	223.65	111.825	53.676	1587647221562227
442	224.15	112.075	53.796	1587647221572395
443	224.65	112.325	53.916	1587647221582563
444	225.15	112.575	54.036	1587647221592730
445	225.65	112.825	54.156	1587647221602907
446	226.2	113.1	54.288	1587647221613079
447	226.7	113.35	54.408	1587647221623246
448	227.2	113.6	54.528	1587647221633421
449	227.7	113.85	54.648	1587647221643590
450	228.2	114.1	54.768	1587647221653780
451	228.7	114.35	54.888	1587647221663939
452	229.25	114.625	55.02	1587647221674069
453	229.75	114.875	55.14	1587647221684243
454	230.25	115.125	55.26	1587647221694413
455	230.75	115.375	55.38	1587647221704578
456	231.25	115.625	55.5	1587647221714738
457	231.75	115.875	55.62	1587647221724917
458	232.3	116.15	55.752	1587647221735086
459	232.8	116.4	55.872	1587647221745253
460	233.3	116.65	55.992	1587647221755446
461	233.8	116.9	56.112	1587647221765618
462	234.3	117.15	56.232	1587647221775772
463	234.8	117.4	56.352	1587647221785894
464	235.3	117.65	56.472	1587647221796013
465	235.85	117.925	56.604	1587647221806138
466	236.35	118.175	56.724	1587647221816250
467	236.85	118.425	56.844	1587647221826391
468	237.35	118.675	56.964	1587647221836558
469	237.85	118.925	57.084	1587647221846720
470	238.35	119.175	57.204	1587647221856913
471	238.9	119.45	57.336	1587647221867073
472	239.4	119.7	57.456	1587647221877235
473	239.9	119.95	57.576	1587647221887389
474	240.4	120.2	57.696	1587647221897554
475	240.9	120.45	57.816	1587647221907742
476	241.4	120.7	57.936	1587647221917869
477	241.9	120.95	58.056	1587647221928034
478	242.45	121.225	58.188	1587647221938199
479	242.95	121.475	58.308	1587647221948384
480	243.45	121.725	58.428	1587647221958576
481	243.95	121.975	58.548	1587647221968734
482	244.45	122.225	58.668	1587647221978911
483	245	122.5	58.8	1587647221989079
484	245.5	122.75	58.92	1587647221999249
485	246	123	59.04	1587647222009417
486	246.5	123.25	59.16	1587647222019586
487	247	123.5	59.28	1587647222029715
488	247.5	123.75	59.4	1587647222039890
489	248.05	124.025	59.532	1587647222050042
490	248.55	124.275	59.652	1587647222060227
491	249.05	124.525	59.772	1587647222070387
492	249.55	124.775	59.892	1587647222080554
493	250.05	125.025	60.012	1587647222090721
494	250.55	125.275	60.132	1587647222100891
495	251.1	125.55	60.264	1587647222111060
496	251.6	125.8	60.384	1587647222121225
497	252.1	126.05	60.504	1587647222131402
498	252.6	126.3	60.624	1587647222141581
499	253.1	126.55	60.744	1587647222151749
500	253.6	126.8	60.864	1587647222161934
501	254.15	127.075	60.996	1587647222172091
502	254.65	127.325	61.116	1587647222182265
503	255.15	127.575	61.236	1587647222192434
504	255.65	127.825	61.356	1587647222202605
505	256.15	128.075	61.476	1587647222212777
506	256.65	128.325	61.596	1587647222222947
507	257.2	128.6	61.728	1587647222233113
508	257.7	128.85	61.848	1587647222243280
509	258.2	129.1	61.968	1587647222253451
510	258.7	129.35	62.088	1587647222263646
511	259.2	129.6	62.208	1587647222273798
512	259.7	129.85	62.328	1587647222283967
513	260.25	130.125	62.46	1587647222294138
514	260.75	130.375	62.58	1587647222304303
515	261.25	130.625	62.7	1587647222314471
516	261.75	130.875	62.82	1587647222324639
517	262.25	131.125	62.94	1587647222334830
518	262.75	131.375	63.06	1587647222345000
519	263.3	131.65	63.192	1587647222355169
520	263.8	131.9	63.312	1587647222365365
521	264.3	132.15	63.432	1587647222375523
522	264.8	132.4	63.552	1587647222385665
523	265.3	132.65	63.672	1587647222395843
524	265.8	132.9	63.792	1587647222406008
525	266.35	133.175	63.924	1587647222416177
526	266.85	133.425	64.044	1587647222426337
527	267.35	133.675	64.164	1587647222436504
528	267.85	133.925	64.284	1587647222446687
529	268.35	134.175	64.404	1587647222456867
530	268.85	134.425	64.524	1587647222467048
531	269.4	134.7	64.656	1587647222477195
532	269.9	134.95	64.776	1587647222487343
533	270.4	135.2	64.896	1587647222497488
534	270.9	135.45	65.016	1587647222507630
535	271.4	135.7	65.136	1587647222517748
536	271.9	135.95	65.256	1587647222527906
537	272.45	136.225	65.388	1587647222538051
538	272.95	136.475	65.508	1587647222548215
539	273.45	136.725	65.628	1587647222558368
540	273.95	136.975	65.748	1587647222568578
541	274.45	137.225	65.868	1587647222578730
542	274.95	137.475	65.988	1587647222588899
543	275.5	137.75	66.12	1587647222599060
544	276	138	66.24	1587647222609227
545	276.5	138.25	66.36	1587647222619402
546	277	138.5	66.48	1587647222629585
547	277.5	138.75	66.6	1587647222639759
548	278	139	66.72	1587647222649893
549	278.5	139.25	66.84	1587647222660024
550	279.05	139.525	66.972	1587647222670200
551	279.55	139.775	67.092	1587647222680353
552	280.05	140.025	67.212	1587647222690508
553	280.55	140.275	67.332	1587647222700670
554	281.05	140.525	67.452	1587647222710799
555	281.55	140.775	67.572	1587647222720961
556	282.1	141.05	67.704	1587647222731121
557	282.6	141.3	67.824	1587647222741282
558	283.1	141.55	67.944	1587647222751453
559	283.6	141.8	68.064	1587647222761615
560	284.1	142.05	68.184	1587647222771810
561	284.6	142.3	68.304	1587647222781971
562	285.15	142.575	68.436	1587647222792149
563	285.65	142.825	68.556	1587647222802324
564	286.15	143.075	68.676	1587647222812491
565	286.65	143.325	68.796	1587647222822659
566	287.15	143.575	68.916	1587647222832838
567	287.65	143.825	69.036	1587647222843009
568	288.2	144.1	69.168	1587647222853176
569	288.7	144.35	69.288	1587647222863337
570	289.2	144.6	69.408	1587647222873529
571	289.7	144.85	69.528	1587647222883680
572	290.2	145.1	69.648	1587647222893845
573	290.7	145.35	69.768	1587647222904021
574	291.25	145.625	69.9	1587647222914192
575	291.75	145.875	70.02	1587647222924357
576	292.25	146.125	70.14	1587647222934530
577	292.75	146.375	70.26	1587647222944668
578	293.25	146.625	70.38	1587647222954850
579	293.75	146.875	70.5	1587647222965017
580	294.3	147.15	70.632	1587647222975232
581	294.8	147.4	70.752	1587647222985411
582	295.3	147.65	70.872	1587647222995579
583	295.8	147.9	70.992	1587647223005740
584	296.3	148.15	71.112	1587647223015911
585	296.85	148.425	71.244	1587647223026085
586	297.35	148.675	71.364	1587647223036253
587	297.85	148.925	71.484	1587647223046425
588	298.35	149.175	71.604	1587647223056594
589	298.85	149.425	71.724	1587647223066767
590	299.35	149.675	71.844	1587647223076961
591	299.9	149.95	71.976	1587647223087125
592	300.4	150.2	72.096	1587647223097282
593	300.9	150.45	72.216	1587647223107458
594	301.4	150.7	72.336	1587647223117621
595	301.9	150.95	72.456	1587647223127816
596	302.4	151.2	72.576	1587647223137979
597	302.95	151.475	72.708	1587647223148145
598	303.45	151.725	72.828	1587647223158308
599	303.95	151.975	72.948	1587647223168472
600	304.45	152.225	73.068	1587647223178663
601	304.95	152.475	73.188	1587647223188847
602	305.45	152.725	73.308	1587647223199022
603	306	153	73.44	1587647223209209
604	306.5	153.25	73.56	1587647223219376
605	307	153.5	73.68	1587647223229541
606	307.5	153.75	73.8	1587647223239738
607	308	154	73.92	1587647223249865
608	308.5	154.25	74.04	1587647223260025
609	309.05	154.525	74.172	1587647223270177
610	309.55	154.775	74.292	1587647223280944
611	310.1	155.05	74.424	1587647223291100
612	310.6	155.3	74.544	1587647223301264
613	311.1	155.55	74.664	1587647223311429
614	311.6	155.8	74.784	1587647223321621
615	312.1	156.05	74.904	1587647223331791
616	312.6	156.3	75.024	1587647223341921
617	313.15	156.575	75.156	1587647223352109
618	313.65	156.825	75.276	1587647223362279
619	314.15	157.075	75.396	1587647223372443
620	314.65	157.325	75.516	1587647223382633
621	315.15	157.575	75.636	1587647223392789
622	315.65	157.825	75.756	1587647223402959
623	316.2	158.1	75.888	1587647223413123
624	316.7	158.35	76.008	1587647223423288
625	317.2	158.6	76.128	1587647223433453
626	317.7	158.85	76.248	1587647223443621
627	318.2	159.1	76.368	1587647223453747
628	318.7	159.35	76.488	1587647223463915
629	319.25	159.625	76.62	1587647223474066
630	319.75	159.875	76.74	1587647223484248
631	320.25	160.125	76.86	1587647223494397
632	320.75	160.375	76.98	1587647223504553
633	321.25	160.625	77.1	1587647223514720
634	321.75	160.875	77.22	1587647223524881
635	322.3	161.15	77.352	1587647223535045
636	322.8	161.4	77.472	1587647223545237
637	323.3	161.65	77.592	1587647223555403
638	323.8	161.9	77.712	1587647223565586
639	324.3	162.15	77.832	1587647223575754
640	324.8	162.4	77.952	1587647223585902
641	325.35	162.675	78.084	1587647223596056
642	325.85	162.925	78.204	1587647223606222
643	326.35	163.175	78.324	1587647223616388
644	326.85	163.425	78.444	1587647223626555
645	327.35	163.675	78.564	1587647223636719
646	327.85	163.925	78.684	1587647223646885
647	328.4	164.2	78.816	1587647223657054
648	328.9	164.45	78.936	1587647223667230
649	329.4	164.7	79.056	1587647223677396
650	329.9	164.95	79.176	1587647223687608
651	330.4	165.2	79.296	1587647223697725
652	330.9	165.45	79.416	1587647223707900
653	331.45	165.725	79.548	1587647223718085
654	331.95	165.975	79.668	1587647223728257
655	332.45	166.225	79.788	1587647223738423
656	332.95	166.475	79.908	1587647223748590
657	333.45	166.725	80.028	1587647223758757
658	333.95	166.975	80.148	1587647223768924
659	334.5	167.25	80.28	1587647223779094
660	335	167.5	80.4	1587647223789283
661	335.5	167.75	80.52	1587647223799454
662	336	168	80.64	1587647223809625
663	336.5	168.25	80.76	1587647223819792
664	337	168.5	80.88	1587647223829923
665	337.55	168.775	81.012	1587647223840092
666	338.05	169.025	81.132	1587647223850257
667	338.55	169.275	81.252	1587647223860423
668	339.05	169.525	81.372	1587647223870588
669	339.55	169.775	81.492	1587647223880756
670	340.05	170.025	81.612	1587647223890957
671	340.6	170.3	81.744	1587647223901112
672	341.1	170.55	81.864	1587647223911282
673	341.6	170.8	81.984	1587647223921447
674	342.1	171.05	82.104	1587647223931611
675	342.6	171.3	82.224	1587647223941737
676	343.1	171.55	82.344	1587647223951901
677	343.65	171.825	82.476	1587647223962086
678	344.15	172.075	82.596	1587647223972255
679	344.65	172.325	82.716	1587647223982423
680	345.15	172.575	82.836	1587647223992618
681	345.65	172.825	82.956	1587647224002774
682	346.15	173.075	83.076	1587647224012934
683	346.7	173.35	83.208	1587647224023100
684	347.2	173.6	83.328	1587647224033266
685	347.7	173.85	83.448	1587647224043435
686	348.2	174.1	83.568	1587647224053619
687	348.7	174.35	83.688	1587647224063790
688	349.2	174.6	83.808	1587647224073921
689	349.75	174.875	83.94	1587647224084091
690	350.25	175.125	84.06	1587647224094285
691	350.75	175.375	84.18	1587647224104447
692	351.25	175.625	84.3	1587647224114615
693	351.75	175.875	84.42	1587647224124784
694	352.25	176.125	84.54	1587647224134970
695	352.8	176.4	84.672	1587647224145137
696	353.3	176.65	84.792	1587647224155303
697	353.8	176.9	84.912	1587647224165467
698	354.3	177.15	85.032	1587647224175634
699	354.8	177.4	85.152	1587647224185764
700	355.3	177.65	85.272	1587647224195954
701	355.85	177.925	85.404	1587647224206120
702	356.35	178.175	85.524	1587647224216286
703	356.85	178.425	85.644	1587647224226455
704	357.35	178.675	85.764	1587647224236623
705	357.85	178.925	85.884	1587647224246790
706	358.35	179.175	86.004	1587647224256960
707	358.9	179.45	86.136	1587647224267126
708	359.4	179.7	86.256	1587647224277293
709	359.9	179.95	86.376	1587647224287459
710	360.4	180.2	86.496	1587647224297655
711	360.9	180.45	86.616	1587647224307813
712	361.4	180.7	86.736	1587647224317980
713	361.95	180.975	86.868	1587647224328156
714	362.45	181.225	86.988	1587647224338324
715	362.95	181.475	87.108	1587647224348504
716	363.45	181.725	87.228	1587647224358668
717	363.95	181.975	87.348	1587647224368843
718	364.45	182.225	87.468	1587647224379009
719	365	182.5	87.6	1587647224389172
720	365.5	182.75	87.72	1587647224399369
721	366	183	87.84	1587647224409517
722	366.5	183.25	87.96	1587647224419674
723	367	183.5	88.08	1587647224429801
724	367.5	183.75	88.2	1587647224439958
725	368.05	184.025	88.332	1587647224450101
726	368.55	184.275	88.452	1587647224460260
727	369.05	184.525	88.572	1587647224470426
728	369.55	184.775	88.692	1587647224480585
729	370.05	185.025	88.812	1587647224490763
730	370.55	185.275	88.932	1587647224500963
731	371.1	185.55	89.064	1587647224511124
732	371.6	185.8	89.184	1587647224521290
733	372.1	186.05	89.304	1587647224531468
734	372.6	186.3	89.424	1587647224541649
735	373.1	186.55	89.544	1587647224551814
736	373.6	186.8	89.664	1587647224561990
737	374.15	187.075	89.796	1587647224572160
738	374.65	187.325	89.916	1587647224582320
739	375.15	187.575	90.036	1587647224592486
740	375.65	187.825	90.156	1587647224602677
741	376.15	188.075	90.276	1587647224612844
742	376.65	188.325	90.396	1587647224623020
743	377.2	188.6	90.528	1587647224633186
744	377.7	188.85	90.648	1587647224643372
745	378.2	189.1	90.768	1587647224653538
746	378.7	189.35	90.888	1587647224663704
747	379.2	189.6	91.008	1587647224673837
748	379.7	189.85	91.128	1587647224684017
749	380.25	190.125	91.26	1587647224694147
750	380.75	190.375	91.38	1587647224704345
751	381.25	190.625	91.5	1587647224714516
752	381.75	190.875	91.62	1587647224724687
753	382.25	191.125	91.74	1587647224734861
754	382.75	191.375	91.86	1587647224745027
755	383.3	191.65	91.992	1587647224755192
756	383.8	191.9	92.112	1587647224765361
757	384.3	192.15	92.232	1587647224775527
758	384.8	192.4	92.352	1587647224785665
759	385.3	192.65	92.472	1587647224795842
760	385.8	192.9	92.592	1587647224806036
761	386.35	193.175	92.724	1587647224816197
762	386.85	193.425	92.844	1587647224826376
763	387.35	193.675	92.964	1587647224836542
764	387.85	193.925	93.084	1587647224846712
765	388.35	194.175	93.204	1587647224856881
766	388.9	194.45	93.336	1587647224867048
767	389.4	194.7	93.456	1587647224877218
768	389.9	194.95	93.576	1587647224887386
769	390.4	195.2	93.696	1587647224897552
770	390.9	195.45	93.816	1587647224907760
771	391.4	195.7	93.936	1587647224917885
772	391.95	195.975	94.068	1587647224928051
773	392.45	196.225	94.188	1587647224938218
774	392.95	196.475	94.308	1587647224948383
775	393.45	196.725	94.428	1587647224958551
776	393.95	196.975	94.548	1587647224968720
777	394.45	197.225	94.668	1587647224978902
778	395	197.5	94.8	1587647224989070
779	395.5	197.75	94.92	1587647224999238
780	396	198	95.04	1587647225009429
781	396.5	198.25	95.16	1587647225019587
782	397	198.5	95.28	1587647225029725
783	397.5	198.75	95.4	1587647225039900
784	398.05	199.025	95.532	1587647225050068
785	398.55	199.275	95.652	1587647225060234
786	399.05	199.525	95.772	1587647225070396
787	399.55	199.775	95.892	1587647225080566
788	400.05	200.025	96.012	1587647225090729
789	400.55	200.275	96.132	1587647225100900
790	401.1	200.55	96.264	1587647225111097
791	401.6	200.8	96.384	1587647225121255
792	402.1	201.05	96.504	1587647225131421
793	402.6	201.3	96.624	1587647225141598
794	403.1	201.55	96.744	1587647225151763
795	403.6	201.8	96.864	1587647225161894
796	404.15	202.075	96.996	1587647225172060
797	404.65	202.325	97.116	1587647225182244
798	405.15	202.575	97.236	1587647225192436
799	405.65	202.825	97.356	1587647225202604
800	406.15	203.075	97.476	1587647225212797
801	406.65	203.325	97.596	1587647225222954
802	407.2	203.6	97.728	1587647225233121
803	407.7	203.85	97.848	1587647225243289
804	408.2	204.1	97.968	1587647225253459
805	408.7	204.35	98.088	1587647225263627
806	409.2	204.6	98.208	1587647225273759
807	409.7	204.85	98.328	1587647225283927
808	410.25	205.125	98.46	1587647225294058
809	410.75	205.375	98.58	1587647225304228
810	411.25	205.625	98.7	1587647225314420
811	411.75	205.875	98.82	1587647225324582
812	412.25	206.125	98.94	1587647225334747
813	412.75	206.375	99.06	1587647225344922
814	413.3	206.65	99.192	1587647225355088
815	413.8	206.9	99.312	1587647225365272
816	414.3	207.15	99.432	1587647225375440
817	414.8	207.4	99.552	1587647225385621
818	415.3	207.65	99.672	1587647225395792
819	415.8	207.9	99.792	1587647225405923
820	416.35	208.175	99.924	1587647225416115
821	416.85	208.425	100.044	1587647225426272
822	417.35	208.675	100.164	1587647225436441
823	417.85	208.925	100.284	1587647225446608
824	418.35	209.175	100.404	1587647225456774
825	418.85	209.425	100.524	1587647225466948
826	419.4	209.7	100.656	1587647225477115
827	419.9	209.95	100.776	1587647225487282
828	420.4	210.2	100.896	1587647225497449
829	420.9	210.45	101.016	1587647225507620
830	421.4	210.7	101.136	1587647225517776
831	421.9	210.95	101.256	1587647225527935
832	422.45	211.225	101.388	1587647225538085
833	422.95	211.475	101.508	1587647225548256
834	423.45	211.725	101.628	1587647225558434
835	423.95	211.975	101.748	1587647225568610
836	424.45	212.225	101.868	1587647225578781
837	424.95	212.475	101.988	1587647225588949
838	425.5	212.75	102.12	1587647225599108
839	426	213	102.24	1587647225609277
840	426.5	213.25	102.36	1587647225619470
841	427	213.5	102.48	1587647225629631
842	427.5	213.75	102.6	1587647225639801
843	428	214	102.72	1587647225649977
844	428.55	214.275	102.852	1587647225660151
845	429.05	214.525	102.972	1587647225670322
846	429.55	214.775	103.092	1587647225680483
847	430.05	215.025	103.212	1587647225690660
848	430.55	215.275	103.332	1587647225700828
849	431.05	215.525	103.452	1587647225711001
850	431.6	215.8	103.584	1587647225721193
851	432.1	216.05	103.704	1587647225731347
852	432.6	216.3	103.824	1587647225741513
853	433.1	216.55	103.944	1587647225751677
854	433.6	216.8	104.064	1587647225761809
855	434.1	217.05	104.184	1587647225771982
856	434.65	217.325	104.316	1587647225782149
857	435.15	217.575	104.436	1587647225792316
858	435.65	217.825	104.556	1587647225802495
859	436.15	218.075	104.676	1587647225812667
860	436.65	218.325	104.796	1587647225822862
861	437.15	218.575	104.916	1587647225833020
862	437.7	218.85	105.048	1587647225843186
863	438.2	219.1	105.168	1587647225853357
864	438.7	219.35	105.288	1587647225863524
865	439.2	219.6	105.408	1587647225873684
866	439.7	219.85	105.528	1587647225883874
867	440.25	220.125	105.66	1587647225894043
868	440.75	220.375	105.78	1587647225904221
869	441.25	220.625	105.9	1587647225914381
870	441.75	220.875	106.02	1587647225924572
871	442.25	221.125	106.14	1587647225934727
872	442.75	221.375	106.26	1587647225944902
873	443.3	221.65	106.392	1587647225955067
874	443.8	221.9	106.512	1587647225965232
875	444.3	222.15	106.632	1587647225975413
876	444.8	222.4	106.752	1587647225985592
877	445.3	222.65	106.872	1587647225995768
878	445.8	222.9	106.992	1587647226005932
879	446.35	223.175	107.124	1587647226016102
880	446.85	223.425	107.244	1587647226026304
881	447.35	223.675	107.364	1587647226036462
882	447.85	223.925	107.484	1587647226046629
883	448.35	224.175	107.604	1587647226056796
884	448.85	224.425	107.724	1587647226066959
885	449.4	224.7	107.856	1587647226077119
886	449.9	224.95	107.976	1587647226087288
887	450.4	225.2	108.096	1587647226097453
888	450.9	225.45	108.216	1587647226107622
889	451.4	225.7	108.336	1587647226117782
890	451.9	225.95	108.456	1587647226127973
891	452.45	226.225	108.588	1587647226138124
892	452.95	226.475	108.708	1587647226148295
893	453.45	226.725	108.828	1587647226158462
894	453.95	226.975	108.948	1587647226168644
895	454.45	227.225	109.068	1587647226178814
896	454.95	227.475	109.188	1587647226188983
897	455.5	227.75	109.32	1587647226199150
898	456	228	109.44	1587647226209316
899	456.5	228.25	109.56	1587647226219495
900	457	228.5	109.68	1587647226229701
901	457.5	228.75	109.8	1587647226239867
902	458	229	109.92	1587647226250034
903	458.55	229.275	110.052	1587647226260200
904	459.05	229.525	110.172	1587647226270368
905	459.55	229.775	110.292	1587647226280942
906	460.1	230.05	110.424	1587647226291111
907	460.6	230.3	110.544	1587647226301278
908	461.1	230.55	110.664	1587647226311444
909	461.6	230.8	110.784	1587647226321614
910	462.1	231.05	110.904	1587647226331804
911	462.6	231.3	111.024	1587647226341940
912	463.15	231.575	111.156	1587647226352111
913	463.65	231.825	111.276	1587647226362268
914	464.15	232.075	111.396	1587647226372428
915	464.65	232.325	111.516	1587647226382587
916	465.15	232.575	111.636	1587647226392747
917	465.65	232.825	111.756	1587647226402908
918	466.2	233.1	111.888	1587647226413068
919	466.7	233.35	112.008	1587647226423234
920	467.2	233.6	112.128	1587647226433427
921	467.7	233.85	112.248	1587647226443584
922	468.2	234.1	112.368	1587647226453745
923	468.7	234.35	112.488	1587647226463921
924	469.25	234.625	112.62	1587647226474089
925	469.75	234.875	112.74	1587647226484260
926	470.25	235.125	112.86	1587647226494429
927	470.75	235.375	112.98	1587647226504593
928	471.25	235.625	113.1	1587647226514738
929	471.75	235.875	113.22	1587647226524917
930	472.3	236.15	113.352	1587647226535123
931	472.8	236.4	113.472	1587647226545282
932	473.3	236.65	113.592	1587647226555440
933	473.8	236.9	113.712	1587647226565618
934	474.3	237.15	113.832	1587647226575779
935	474.8	237.4	113.952	1587647226585911
936	475.35	237.675	114.084	1587647226596099
937	475.85	237.925	114.204	1587647226606270
938	476.35	238.175	114.324	1587647226616437
939	476.85	238.425	114.444	1587647226626603
940	477.35	238.675	114.564	1587647226636798
941	477.85	238.925	114.684	1587647226646951
942	478.4	239.2	114.816	1587647226657118
943	478.9	239.45	114.936	1587647226667290
944	479.4	239.7	115.056	1587647226677450
945	479.9	239.95	115.176	1587647226687616
946	480.4	240.2	115.296	1587647226697748
947	480.9	240.45	115.416	1587647226707923
948	481.45	240.725	115.548	1587647226718093
949	481.95	240.975	115.668	1587647226728223
950	482.45	241.225	115.788	1587647226738419
951	482.95	241.475	115.908	1587647226748579
952	483.45	241.725	116.028	1587647226758748
953	483.95	241.975	116.148	1587647226768927
954	484.5	242.25	116.28	1587647226779099
955	485	242.5	116.4	1587647226789259
956	485.5	242.75	116.52	1587647226799427
957	486	243	116.64	1587647226809608
958	486.5	243.25	116.76	1587647226819788
959	487	243.5	116.88	1587647226829920
960	487.55	243.775	117.012	1587647226840112
961	488.05	244.025	117.132	1587647226850279
962	488.55	244.275	117.252	1587647226860440
963	489.05	244.525	117.372	1587647226870606
964	489.55	244.775	117.492	1587647226880777
965	490.05	245.025	117.612	1587647226890949
966	490.6	245.3	117.744	1587647226901120
967	491.1	245.55	117.864	1587647226911298
968	491.6	245.8	117.984	1587647226921467
969	492.1	246.05	118.104	1587647226931633
970	492.6	246.3	118.224	1587647226941784
971	493.1	246.55	118.344	1587647226951943
972	493.65	246.825	118.476	1587647226962110
973	494.15	247.075	118.596	1587647226972276
974	494.65	247.325	118.716	1587647226982434
975	495.15	247.575	118.836	1587647226992602
976	495.65	247.825	118.956	1587647227002766
977	496.15	248.075	119.076	1587647227012933
978	496.7	248.35	119.208	1587647227023103
979	497.2	248.6	119.328	1587647227033270
980	497.7	248.85	119.448	1587647227043465
981	498.2	249.1	119.568	1587647227053627
982	498.7	249.35	119.688	1587647227063785
983	499.2	249.6	119.808	1587647227073916
984	499.75	249.875	119.94	1587647227084083
985	500.25	250.125	120.06	1587647227094242
986	500.75	250.375	120.18	1587647227104403
987	501.25	250.625	120.3	1587647227114570
988	501.75	250.875	120.42	1587647227124744
989	502.25	251.125	120.54	1587647227134879
990	502.8	251.4	120.672	1587647227145085
991	503.3	251.65	120.792	1587647227155235
992	503.8	251.9	120.912	1587647227165392
993	504.3	252.15	121.032	1587647227175559
994	504.8	252.4	121.152	1587647227185694
995	505.3	252.65	121.272	1587647227195855
996	505.8	252.9	121.392	1587647227206032
997	506.35	253.175	121.524	1587647227216196
998	506.85	253.425	121.644	1587647227226369
999	507.35	253.675	121.764	1587647227236528
1000	507.85	253.925	121.884	1587647227246713
1001	508.35	254.175	122.004	1587647227256876
1002	508.85	254.425	122.124	1587647227267040
1003	509.4	254.7	122.256	1587647227277199
1004	509.9	254.95	122.376	1587647227287330
1005	510.4	255.2	122.496	1587647227297491
1006	510.9	255.45	122.616	1587647227307658
1007	511.4	255.7	122.736	1587647227317790
1008	511.9	255.95	122.856	1587647227327970
1009	512.45	256.225	122.988	1587647227338113
