1	0	0	0	1587647217089704	-1	-1	1
2	0.5	0.25	0.12	1587647217099846	1587647217100380	534	0
3	1	0.5	0.24	1587647217109962	1587647217110325	363	0
4	1.55	0.775	0.372	1587647217120074	1587647217120472	398	0
5	2.05	1.025	0.492	1587647217130209	1587647217130559	350	0
6	2.55	1.275	0.612	1587647217140375	1587647217140816	441	0
7	3.05	1.525	0.732	1587647217150535	1587647217150964	429	0
8	3.55	1.775	0.852	1587647217160693	1587647217161221	528	0
9	4.05	2.025	0.972	1587647217170855	1587647217171337	482	0
10	4.55	2.275	1.092	1587647217181064	1587647217181583	519	0
11	5.1	2.55	1.224	1587647217191214	1587647217191691	477	0
12	5.6	2.8	1.344	1587647217201369	1587647217201845	476	0
13	6.1	3.05	1.464	1587647217211533	1587647217212079	546	0
14	6.6	3.3	1.584	1587647217221691	1587647217222092	401	0
15	7.1	3.55	1.704	1587647217231853	1587647217232381	528	0
16	7.6	3.8	1.824	1587647217241989	1587647217242495	506	0
17	8.15	4.075	1.956	1587647217252113	1587647217252600	487	0
18	8.65	4.325	2.076	1587647217262249	1587647217262684	435	0
19	9.15	4.575	2.196	1587647217272410	1587647217272921	511	0
20	9.65	4.825	2.316	1587647217282595	1587647217283117	522	0
21	10.15	5.075	2.436	1587647217292716	1587647217293136	420	0
22	10.65	5.325	2.556	1587647217302877	1587647217303363	486	0
23	11.15	5.575	2.676	1587647217313056	1587647217313635	579	0
24	11.7	5.85	2.808	1587647217323241	1587647217323816	575	0
25	12.2	6.1	2.928	1587647217333413	1587647217333898	485	0
26	12.7	6.35	3.048	1587647217343575	1587647217344114	539	0
27	13.2	6.6	3.168	1587647217353731	1587647217354223	492	0
28	13.7	6.85	3.288	1587647217363889	1587647217364427	538	0
29	14.25	7.125	3.42	1587647217374043	1587647217374552	509	0
30	14.75	7.375	3.54	1587647217384260	1587647217384864	604	0
31	15.25	7.625	3.66	1587647217394372	1587647217394879	507	0
32	15.75	7.875	3.78	1587647217404535	1587647217405150	615	0
33	16.25	8.125	3.9	1587647217414698	1587647217415298	600	0
34	16.75	8.375	4.02	1587647217424870	1587647217425465	595	0
35	17.25	8.625	4.14	1587647217435034	1587647217435629	595	0
36	17.8	8.9	4.272	1587647217445180	1587647217445732	552	0
37	18.3	9.15	4.392	1587647217455342	1587647217455941	599	0
38	18.8	9.4	4.512	1587647217465504	1587647217465950	446	0
39	19.3	9.65	4.632	1587647217475695	1587647217476291	596	0
40	19.8	9.9	4.752	1587647217485881	1587647217486482	601	0
41	20.3	10.15	4.872	1587647217496038	1587647217496629	591	0
42	20.85	10.425	5.004	1587647217506189	1587647217506793	604	0
43	21.35	10.675	5.124	1587647217516353	1587647217516841	488	0
44	21.85	10.925	5.244	1587647217526519	1587647217527087	568	0
45	22.35	11.175	5.364	1587647217536681	1587647217537269	588	0
46	22.85	11.425	5.484	1587647217546842	1587647217547415	573	0
47	23.35	11.675	5.604	1587647217557011	1587647217557597	586	0
48	23.9	11.95	5.736	1587647217567171	1587647217567733	562	0
49	24.4	12.2	5.856	1587647217577332	1587647217577771	439	0
50	24.9	12.45	5.976	1587647217587518	1587647217588104	586	0
51	25.4	12.7	6.096	1587647217597680	1587647217598288	608	0
52	25.9	12.95	6.216	1587647217607845	1587647217608505	660	0
53	26.4	13.2	6.336	1587647217618004	1587647217618535	531	0
54	26.95	13.475	6.468	1587647217628163	1587647217628710	547	0
55	27.45	13.725	6.588	1587647217638306	1587647217638818	512	0
56	27.95	13.975	6.708	1587647217648460	1587647217648969	509	0
57	28.45	14.225	6.828	1587647217658623	1587647217659150	527	0
58	28.95	14.475	6.948	1587647217668781	1587647217669317	536	0
59	29.45	14.725	7.068	1587647217678941	1587647217679476	535	0
60	30	15	7.2	1587647217689146	1587647217689710	564	0
61	30.5	15.25	7.32	1587647217699295	1587647217699795	500	0
62	31	15.5	7.44	1587647217709451	1587647217709928	477	0
63	31.5	15.75	7.56	1587647217719610	1587647217720160	550	0
64	32	16	7.68	1587647217729737	1587647217730166	429	0
65	32.5	16.25	7.8	1587647217739894	1587647217740361	467	0
66	33.05	16.525	7.932	1587647217750056	1587647217750558	502	0
67	33.55	16.775	8.052	1587647217760216	1587647217760705	489	0
68	34.05	17.025	8.172	1587647217770376	1587647217770935	559	0
69	34.55	17.275	8.292	1587647217780796	1587647217781174	378	0
70	35.05	17.525	8.412	1587647217790988	1587647217791531	543	0
71	35.6	17.8	8.544	1587647217801135	1587647217801675	540	0
72	36.1	18.05	8.664	1587647217811290	1587647217811839	549	0
73	36.6	18.3	8.784	1587647217821448	1587647217821895	447	0
74	37.1	18.55	8.904	1587647217831610	1587647217832069	459	0
75	37.6	18.8	9.024	1587647217841735	1587647217842277	542	0
76	38.1	19.05	9.144	1587647217851867	1587647217852451	584	0
77	38.6	19.3	9.264	1587647217862040	1587647217862587	547	0
78	39.15	19.575	9.396	1587647217872205	1587647217872750	545	0
79	39.65	19.825	9.516	1587647217882367	1587647217882940	573	0
80	40.15	20.075	9.636	1587647217892553	1587647217893130	577	0
81	40.65	20.325	9.756	1587647217902705	1587647217903251	546	0
82	41.15	20.575	9.876	1587647217912865	1587647217913345	480	0
83	41.65	20.825	9.996	1587647217923023	1587647217923544	521	0
84	42.2	21.1	10.128	1587647217933182	1587647217933718	536	0
85	42.7	21.35	10.248	1587647217943353	1587647217943879	526	0
86	43.2	21.6	10.368	1587647217953514	1587647217953942	428	0
87	43.7	21.85	10.488	1587647217963675	1587647217964216	541	0
88	44.2	22.1	10.608	1587647217973805	1587647217974285	480	0
89	44.7	22.35	10.728	1587647217983967	1587647217984512	545	0
90	45.25	22.625	10.86	1587647217994129	1587647217994685	556	0
91	45.75	22.875	10.98	1587647218004279	1587647218004825	546	0
92	46.25	23.125	11.1	1587647218014436	1587647218014993	557	0
93	46.75	23.375	11.22	1587647218024614	1587647218025231	617	0
94	47.25	23.625	11.34	1587647218034803	1587647218035263	460	0
95	47.75	23.875	11.46	1587647218044962	1587647218045488	526	0
96	48.3	24.15	11.592	1587647218055123	1587647218055667	544	0
97	48.8	24.4	11.712	1587647218065281	1587647218065772	491	0
98	49.3	24.65	11.832	1587647218075447	1587647218076015	568	0
99	49.8	24.9	11.952	1587647218085613	1587647218086151	538	0
100	50.3	25.15	12.072	1587647218095804	1587647218096385	581	0
101	50.8	25.4	12.192	1587647218105963	1587647218106538	575	0
102	51.35	25.675	12.324	1587647218116137	1587647218116690	553	0
103	51.85	25.925	12.444	1587647218126298	1587647218126838	540	0
104	52.35	26.175	12.564	1587647218136470	1587647218137015	545	0
105	52.85	26.425	12.684	1587647218146640	1587647218147193	553	0
106	53.35	26.675	12.804	1587647218156811	1587647218157351	540	0
107	53.85	26.925	12.924	1587647218166979	1587647218167523	544	0
108	54.4	27.2	13.056	1587647218177146	1587647218177697	551	0
109	54.9	27.45	13.176	1587647218187307	1587647218187872	565	0
110	55.4	27.7	13.296	1587647218197503	1587647218197971	468	0
111	55.9	27.95	13.416	1587647218207659	1587647218208182	523	0
112	56.4	28.2	13.536	1587647218217806	1587647218218392	586	0
113	56.9	28.45	13.656	1587647218227968	1587647218228527	559	0
114	57.45	28.725	13.788	1587647218238115	1587647218238676	561	0
115	57.95	28.975	13.908	1587647218248286	1587647218248839	553	0
116	58.45	29.225	14.028	1587647218258459	1587647218259025	566	0
117	58.95	29.475	14.148	1587647218268626	1587647218269187	561	0
118	59.45	29.725	14.268	1587647218278763	1587647218279294	531	0
119	59.95	29.975	14.388	1587647218288925	1587647218289445	520	0
120	60.5	30.25	14.52	1587647218299117	1587647218299671	554	0
121	61	30.5	14.64	1587647218309268	1587647218309818	550	0
122	61.5	30.75	14.76	1587647218319444	1587647218320000	556	0
123	62	31	14.88	1587647218329591	1587647218330044	453	0
124	62.5	31.25	15	1587647218339764	1587647218340316	552	0
125	63	31.5	15.12	1587647218349897	1587647218350451	554	0
126	63.55	31.775	15.252	1587647218360064	1587647218360615	551	0
127	64.05	32.025	15.372	1587647218370242	1587647218370792	550	0
128	64.55	32.275	15.492	1587647218380403	1587647218380941	538	0
129	65.05	32.525	15.612	1587647218390572	1587647218391122	550	0
130	65.55	32.775	15.732	1587647218400764	1587647218401320	556	0
131	66.05	33.025	15.852	1587647218410915	1587647218411449	534	0
132	66.6	33.3	15.984	1587647218421090	1587647218421667	577	0
133	67.1	33.55	16.104	1587647218431260	1587647218431815	555	0
134	67.6	33.8	16.224	1587647218441447	1587647218441953	506	0
135	68.1	34.05	16.344	1587647218451604	1587647218452167	563	0
136	68.6	34.3	16.464	1587647218461738	1587647218462190	452	0
137	69.1	34.55	16.584	1587647218471903	1587647218472455	552	0
138	69.65	34.825	16.716	1587647218482065	1587647218482574	509	0
139	70.15	35.075	16.836	1587647218492233	1587647218492785	552	0
140	70.65	35.325	16.956	1587647218502426	1587647218502981	555	0
141	71.15	35.575	17.076	1587647218512591	1587647218513142	551	0
142	71.65	35.825	17.196	1587647218522757	1587647218523307	550	0
143	72.15	36.075	17.316	1587647218532924	1587647218533478	554	0
144	72.7	36.35	17.448	1587647218543090	1587647218543641	551	0
145	73.2	36.6	17.568	1587647218553263	1587647218553780	517	0
146	73.7	36.85	17.688	1587647218563431	1587647218563985	554	0
147	74.2	37.1	17.808	1587647218573613	1587647218574075	462	0
148	74.7	37.35	17.928	1587647218583779	1587647218584330	551	0
149	75.2	37.6	18.048	1587647218593911	1587647218594447	536	0
150	75.75	37.875	18.18	1587647218604105	1587647218604660	555	0
151	76.25	38.125	18.3	1587647218614265	1587647218614817	552	0
152	76.75	38.375	18.42	1587647218624422	1587647218624891	469	0
153	77.25	38.625	18.54	1587647218634587	1587647218635139	552	0
154	77.75	38.875	18.66	1587647218644746	1587647218645275	529	0
155	78.25	39.125	18.78	1587647218654913	1587647218655468	555	0
156	78.8	39.4	18.912	1587647218665073	1587647218665641	568	0
157	79.3	39.65	19.032	1587647218675251	1587647218675796	545	0
158	79.8	39.9	19.152	1587647218685426	1587647218685892	466	0
159	80.3	40.15	19.272	1587647218695583	1587647218696130	547	0
160	80.8	40.4	19.392	1587647218705735	1587647218706291	556	0
161	81.3	40.65	19.512	1587647218715891	1587647218716435	544	0
162	81.85	40.925	19.644	1587647218726053	1587647218726593	540	0
163	82.35	41.175	19.764	1587647218736217	1587647218736722	505	0
164	82.85	41.425	19.884	1587647218746391	1587647218746929	538	0
165	83.35	41.675	20.004	1587647218756556	1587647218757095	539	0
166	83.85	41.925	20.124	1587647218766721	1587647218767271	550	0
167	84.35	42.175	20.244	1587647218776889	1587647218777434	545	0
168	84.9	42.45	20.376	1587647218787047	1587647218787587	540	0
169	85.4	42.7	20.496	1587647218797211	1587647218797738	527	0
170	85.9	42.95	20.616	1587647218807404	1587647218807957	553	0
171	86.4	43.2	20.736	1587647218817544	1587647218817949	405	0
172	86.9	43.45	20.856	1587647218827686	1587647218828204	518	0
173	87.4	43.7	20.976	1587647218837810	1587647218838367	557	0
174	87.9	43.95	21.096	1587647218847976	1587647218848514	538	0
175	88.45	44.225	21.228	1587647218858133	1587647218858648	515	0
176	88.95	44.475	21.348	1587647218868299	1587647218868812	513	0
177	89.45	44.725	21.468	1587647218878459	1587647218878951	492	0
178	89.95	44.975	21.588	1587647218888620	1587647218889135	515	0
179	90.45	45.225	21.708	1587647218898782	1587647218899288	506	0
180	90.95	45.475	21.828	1587647218908965	1587647218909527	562	0
181	91.5	45.75	21.96	1587647218919114	1587647218920608	1494	0
182	92	46	22.08	1587647218929270	1587647218929790	520	0
183	92.5	46.25	22.2	1587647218939439	1587647218940012	573	0
184	93	46.5	22.32	1587647218949622	1587647218950111	489	0
185	93.5	46.75	22.44	1587647218959753	1587647218960270	517	0
186	94	47	22.56	1587647218969880	1587647218970458	578	0
187	94.55	47.275	22.692	1587647218980047	1587647218980622	575	0
188	95.05	47.525	22.812	1587647218990196	1587647218990770	574	0
189	95.55	47.775	22.932	1587647219000362	1587647219000933	571	0
190	96.05	48.025	23.052	1587647219010559	1587647219011143	584	0
191	96.55	48.275	23.172	1587647219020718	1587647219021739	1021	0
192	97.05	48.525	23.292	1587647219030880	1587647219031341	461	0
193	97.6	48.8	23.424	1587647219041052	1587647219041615	563	0
194	98.1	49.05	23.544	1587647219051220	1587647219051790	570	0
195	98.6	49.3	23.664	1587647219061383	1587647219061854	471	0
196	99.1	49.55	23.784	1587647219071553	1587647219072119	566	0
197	99.6	49.8	23.904	1587647219081716	1587647219082223	507	0
198	100.1	50.05	24.024	1587647219091897	1587647219092433	536	0
199	100.65	50.325	24.156	1587647219102079	1587647219102616	537	0
200	101.15	50.575	24.276	1587647219112281	1587647219112801	520	0
201	101.65	50.825	24.396	1587647219122450	1587647219123003	553	0
202	102.15	51.075	24.516	1587647219132615	1587647219133144	529	0
203	102.65	51.325	24.636	1587647219142781	1587647219143313	532	0
204	103.15	51.575	24.756	1587647219152946	1587647219153484	538	0
205	103.7	51.85	24.888	1587647219163125	1587647219163659	534	0
206	104.2	52.1	25.008	1587647219173253	1587647219173787	534	0
207	104.7	52.35	25.128	1587647219183418	1587647219183954	536	0
208	105.2	52.6	25.248	1587647219193601	1587647219194107	506	0
209	105.7	52.85	25.368	1587647219203770	1587647219204303	533	0
210	106.2	53.1	25.488	1587647219213922	1587647219214463	541	0
211	106.75	53.375	25.62	1587647219224082	1587647219224623	541	0
212	107.25	53.625	25.74	1587647219234261	1587647219234795	534	0
213	107.75	53.875	25.86	1587647219244420	1587647219244939	519	0
214	108.25	54.125	25.98	1587647219254588	1587647219255106	518	0
215	108.75	54.375	26.1	1587647219264752	1587647219265212	460	0
216	109.25	54.625	26.22	1587647219274939	1587647219275456	517	0
217	109.8	54.9	26.352	1587647219285104	1587647219285677	573	0
218	110.3	55.15	26.472	1587647219295246	1587647219295729	483	0
219	110.8	55.4	26.592	1587647219305416	1587647219305891	475	0
220	111.3	55.65	26.712	1587647219315605	1587647219316177	572	0
221	111.8	55.9	26.832	1587647219325732	1587647219326128	396	0
222	112.3	56.15	26.952	1587647219335910	1587647219336427	517	0
223	112.85	56.425	27.084	1587647219346053	1587647219346490	437	0
224	113.35	56.675	27.204	1587647219356217	1587647219356728	511	0
225	113.85	56.925	27.324	1587647219366385	1587647219366937	552	0
226	114.35	57.175	27.444	1587647219376548	1587647219377100	552	0
227	114.85	57.425	27.564	1587647219386713	1587647219387292	579	0
228	115.35	57.675	27.684	1587647219396887	1587647219397437	550	0
229	115.9	57.95	27.816	1587647219407074	1587647219407678	604	0
230	116.4	58.2	27.936	1587647219417263	1587647219417839	576	0
231	116.9	58.45	28.056	1587647219427381	1587647219427895	514	0
232	117.4	58.7	28.176	1587647219437547	1587647219438043	496	0
233	117.9	58.95	28.296	1587647219447728	1587647219448342	614	0
234	118.4	59.2	28.416	1587647219457855	1587647219458477	622	0
235	118.9	59.45	28.536	1587647219468013	1587647219468493	480	0
236	119.45	59.725	28.668	1587647219478156	1587647219478700	544	0
237	119.95	59.975	28.788	1587647219488283	1587647219488831	548	0
238	120.45	60.225	28.908	1587647219498447	1587647219499084	637	0
239	120.95	60.475	29.028	1587647219508615	1587647219509252	637	0
240	121.45	60.725	29.148	1587647219518804	1587647219519453	649	0
241	121.95	60.975	29.268	1587647219528959	1587647219529594	635	0
242	122.5	61.25	29.4	1587647219539123	1587647219539754	631	0
243	123	61.5	29.52	1587647219549289	1587647219549851	562	0
244	123.5	61.75	29.64	1587647219559460	1587647219560094	634	0
245	124	62	29.76	1587647219569629	1587647219570064	435	0
246	124.5	62.25	29.88	1587647219579794	1587647219580400	606	0
247	125	62.5	30	1587647219589925	1587647219590479	554	0
248	125.55	62.775	30.132	1587647219600087	1587647219600642	555	0
249	126.05	63.025	30.252	1587647219610256	1587647219610811	555	0
250	126.55	63.275	30.372	1587647219620474	1587647219621053	579	0
251	127.05	63.525	30.492	1587647219630626	1587647219631173	547	0
252	127.55	63.775	30.612	1587647219640758	1587647219641169	411	0
253	128.05	64.025	30.732	1587647219650926	1587647219651452	526	0
254	128.6	64.3	30.864	1587647219661066	1587647219661585	519	0
255	129.1	64.55	30.984	1587647219671226	1587647219671752	526	0
256	129.6	64.8	31.104	1587647219681415	1587647219681894	479	0
257	130.1	65.05	31.224	1587647219691598	1587647219692182	584	0
258	130.6	65.3	31.344	1587647219701720	1587647219702259	539	0
259	131.1	65.55	31.464	1587647219711882	1587647219712422	540	0
260	131.6	65.8	31.584	1587647219722067	1587647219722639	572	0
261	132.15	66.075	31.716	1587647219732220	1587647219732777	557	0
262	132.65	66.325	31.836	1587647219742382	1587647219742918	536	0
263	133.15	66.575	31.956	1587647219752543	1587647219753048	505	0
264	133.65	66.825	32.076	1587647219762706	1587647219763247	541	0
265	134.15	67.075	32.196	1587647219772871	1587647219773414	543	0
266	134.65	67.325	32.316	1587647219783031	1587647219783580	549	0
267	135.2	67.6	32.448	1587647219793199	1587647219793667	468	0
268	135.7	67.85	32.568	1587647219803361	1587647219803902	541	0
269	136.2	68.1	32.688	1587647219813513	1587647219813920	407	0
270	136.7	68.35	32.808	1587647219823701	1587647219824279	578	0
271	137.2	68.6	32.928	1587647219833820	1587647219834398	578	0
272	137.7	68.85	33.048	1587647219843985	1587647219844493	508	0
273	138.25	69.125	33.18	1587647219854147	1587647219854733	586	0
274	138.75	69.375	33.3	1587647219864306	1587647219864827	521	0
275	139.25	69.625	33.42	1587647219874476	1587647219875001	525	0
276	139.75	69.875	33.54	1587647219884643	1587647219885175	532	0
277	140.25	70.125	33.66	1587647219894802	1587647219895351	549	0
278	140.75	70.375	33.78	1587647219904965	1587647219905482	517	0
279	141.3	70.65	33.912	1587647219915096	1587647219915643	547	0
280	141.8	70.9	34.032	1587647219925291	1587647219925839	548	0
281	142.3	71.15	34.152	1587647219935444	1587647219936068	624	0
282	142.8	71.4	34.272	1587647219945617	1587647219946054	437	0
283	143.3	71.65	34.392	1587647219955781	1587647219956257	476	0
284	143.8	71.9	34.512	1587647219965914	1587647219966423	509	0
285	144.35	72.175	34.644	1587647219976084	1587647219976594	510	0
286	144.85	72.425	34.764	1587647219986248	1587647219986784	536	0
287	145.35	72.675	34.884	1587647219996411	1587647219996855	444	0
288	145.85	72.925	35.004	1587647220006536	1587647220006937	401	0
289	146.35	73.175	35.124	1587647220016702	1587647220017275	573	0
290	146.85	73.425	35.244	1587647220026900	1587647220027473	573	0
291	147.4	73.7	35.376	1587647220037078	1587647220037702	624	0
292	147.9	73.95	35.496	1587647220047239	1587647220047765	526	0
293	148.4	74.2	35.616	1587647220057408	1587647220057913	505	0
294	148.9	74.45	35.736	1587647220067584	1587647220068187	603	0
295	149.4	74.7	35.856	1587647220077752	1587647220078312	560	0
296	149.9	74.95	35.976	1587647220087919	1587647220088492	573	0
297	150.45	75.225	36.108	1587647220098066	1587647220098626	560	0
298	150.95	75.475	36.228	1587647220108234	1587647220108801	567	0
299	151.45	75.725	36.348	1587647220118398	1587647220118961	563	0
300	151.95	75.975	36.468	1587647220128581	1587647220129110	529	0
301	152.45	76.225	36.588	1587647220138743	1587647220139354	611	0
302	152.95	76.475	36.708	1587647220148913	1587647220149435	522	0
303	153.5	76.75	36.84	1587647220159073	1587647220159666	593	0
304	154	77	36.96	1587647220169240	1587647220169761	521	0
305	154.5	77.25	37.08	1587647220179400	1587647220179958	558	0
306	155	77.5	37.2	1587647220189576	1587647220190019	443	0
307	155.5	77.75	37.32	1587647220199743	1587647220200236	493	0
308	156	78	37.44	1587647220209872	1587647220210442	570	0
309	156.5	78.25	37.56	1587647220220036	1587647220220623	587	0
310	157.05	78.525	37.692	1587647220230223	1587647220230808	585	0
311	157.55	78.775	37.812	1587647220240390	1587647220241012	622	0
312	158.05	79.025	37.932	1587647220250525	1587647220251123	598	0
313	158.55	79.275	38.052	1587647220260687	1587647220261104	417	0
314	159.05	79.525	38.172	1587647220270861	1587647220271462	601	0
315	159.55	79.775	38.292	1587647220280996	1587647220281468	472	0
316	160.1	80.05	38.424	1587647220291165	1587647220291763	598	0
317	160.6	80.3	38.544	1587647220301348	1587647220301963	615	0
318	161.1	80.55	38.664	1587647220311509	1587647220312098	589	0
319	161.6	80.8	38.784	1587647220321664	1587647220322111	447	0
320	162.1	81.05	38.904	1587647220331866	1587647220332442	576	0
321	162.6	81.3	39.024	1587647220342025	1587647220342588	563	0
322	163.15	81.575	39.156	1587647220352193	1587647220352754	561	0
323	163.65	81.825	39.276	1587647220362354	1587647220362823	469	0
324	164.15	82.075	39.396	1587647220372532	1587647220373099	567	0
325	164.65	82.325	39.516	1587647220382699	1587647220383205	506	0
326	165.15	82.575	39.636	1587647220392873	1587647220393441	568	0
327	165.65	82.825	39.756	1587647220403040	1587647220403602	562	0
328	166.2	83.1	39.888	1587647220413202	1587647220413712	510	0
329	166.7	83.35	40.008	1587647220423369	1587647220423930	561	0
330	167.2	83.6	40.128	1587647220433551	1587647220433993	442	0
331	167.7	83.85	40.248	1587647220443719	1587647220444321	602	0
332	168.2	84.1	40.368	1587647220453849	1587647220454446	597	0
333	168.7	84.35	40.488	1587647220464012	1587647220464548	536	0
334	169.25	84.625	40.62	1587647220474182	1587647220474779	597	0
335	169.75	84.875	40.74	1587647220484374	1587647220484972	598	0
336	170.25	85.125	40.86	1587647220494512	1587647220495077	565	0
337	170.75	85.375	40.98	1587647220504679	1587647220505278	599	0
338	171.25	85.625	41.1	1587647220514804	1587647220515398	594	0
339	171.75	85.875	41.22	1587647220524973	1587647220525582	609	0
340	172.3	86.15	41.352	1587647220535167	1587647220535774	607	0
341	172.8	86.4	41.472	1587647220545322	1587647220545910	588	0
342	173.3	86.65	41.592	1587647220555499	1587647220556095	596	0
343	173.8	86.9	41.712	1587647220565674	1587647220566282	608	0
344	174.3	87.15	41.832	1587647220575846	1587647220576451	605	0
345	174.8	87.4	41.952	1587647220585989	1587647220586596	607	0
346	175.35	87.675	42.084	1587647220596153	1587647220596751	598	0
347	175.85	87.925	42.204	1587647220606302	1587647220606900	598	0
348	176.35	88.175	42.324	1587647220616471	1587647220617070	599	0
349	176.85	88.425	42.444	1587647220626636	1587647220627245	609	0
350	177.35	88.675	42.564	1587647220636844	1587647220637410	566	0
351	177.85	88.925	42.684	1587647220647001	1587647220647604	603	0
352	178.4	89.2	42.816	1587647220657167	1587647220657718	551	0
353	178.9	89.45	42.936	1587647220667334	1587647220667837	503	0
354	179.4	89.7	43.056	1587647220677457	1587647220677931	474	0
355	179.9	89.95	43.176	1587647220687631	1587647220688223	592	0
356	180.4	90.2	43.296	1587647220697758	1587647220698286	528	0
357	180.9	90.45	43.416	1587647220707922	1587647220708504	582	0
358	181.45	90.725	43.548	1587647220718063	1587647220718581	518	0
359	181.95	90.975	43.668	1587647220728223	1587647220728704	481	0
360	182.45	91.225	43.788	1587647220738408	1587647220740032	1624	0
361	182.95	91.475	43.908	1587647220748560	1587647220749170	610	0
362	183.45	91.725	44.028	1587647220758721	1587647220759322	601	0
363	183.95	91.975	44.148	1587647220768883	1587647220769479	596	0
364	184.5	92.25	44.28	1587647220779051	1587647220779645	594	0
365	185	92.5	44.4	1587647220789217	1587647220789824	607	0
366	185.5	92.75	44.52	1587647220799384	1587647220799978	594	0
367	186	93	44.64	1587647220809551	1587647220810071	520	0
368	186.5	93.25	44.76	1587647220819746	1587647220820343	597	0
369	187	93.5	44.88	1587647220829912	1587647220830508	596	0
370	187.55	93.775	45.012	1587647220840102	1587647220841203	1101	0
371	188.05	94.025	45.132	1587647220850266	1587647220850880	614	0
372	188.55	94.275	45.252	1587647220860436	1587647220860980	544	0
373	189.05	94.525	45.372	1587647220870615	1587647220871222	607	0
374	189.55	94.775	45.492	1587647220880782	1587647220881380	598	0
375	190.05	95.025	45.612	1587647220890960	1587647220891559	599	0
376	190.6	95.3	45.744	1587647220901138	1587647220901729	591	0
377	191.1	95.55	45.864	1587647220911306	1587647220911902	596	0
378	191.6	95.8	45.984	1587647220921476	1587647220922016	540	0
379	192.1	96.05	46.104	1587647220931645	1587647220932236	591	0
380	192.6	96.3	46.224	1587647220941838	1587647220942448	610	0
381	193.1	96.55	46.344	1587647220951999	1587647220952593	594	0
382	193.65	96.825	46.476	1587647220962167	1587647220962762	595	0
383	194.15	97.075	46.596	1587647220972340	1587647220972938	598	0
384	194.65	97.325	46.716	1587647220982514	1587647220983109	595	0
385	195.15	97.575	46.836	1587647220992690	1587647220993294	604	0
386	195.65	97.825	46.956	1587647221002867	1587647221003461	594	0
387	196.15	98.075	47.076	1587647221013026	1587647221013615	589	0
388	196.7	98.35	47.208	1587647221023195	1587647221023788	593	0
389	197.2	98.6	47.328	1587647221033363	1587647221033893	530	0
390	197.7	98.85	47.448	1587647221043551	1587647221044120	569	0
391	198.2	99.1	47.568	1587647221053703	1587647221054299	596	0
392	198.7	99.35	47.688	1587647221063877	1587647221064474	597	0
393	199.25	99.625	47.82	1587647221074049	1587647221074649	600	0
394	199.75	99.875	47.94	1587647221084216	1587647221084812	596	0
395	200.25	100.125	48.06	1587647221094385	1587647221094984	599	0
396	200.75	100.375	48.18	1587647221104552	1587647221105152	600	0
397	201.25	100.625	48.3	1587647221114712	1587647221115305	593	0
398	201.75	100.875	48.42	1587647221124876	1587647221125471	595	0
399	202.3	101.15	48.552	1587647221135044	1587647221135636	592	0
400	202.8	101.4	48.672	1587647221145235	1587647221145826	591	0
401	203.3	101.65	48.792	1587647221155396	1587647221155989	593	0
402	203.8	101.9	48.912	1587647221165570	1587647221166017	447	0
403	204.3	102.15	49.032	1587647221175739	1587647221176337	598	0
404	204.8	102.4	49.152	1587647221185902	1587647221186503	601	0
405	205.35	102.675	49.284	1587647221196069	1587647221196685	616	0
406	205.85	102.925	49.404	1587647221206237	1587647221206833	596	0
407	206.35	103.175	49.524	1587647221216408	1587647221217010	602	0
408	206.85	103.425	49.644	1587647221226591	1587647221227202	611	0
409	207.35	103.675	49.764	1587647221236755	1587647221237363	608	0
410	207.85	103.925	49.884	1587647221246944	1587647221247559	615	0
411	208.4	104.2	50.016	1587647221257102	1587647221257691	589	0
412	208.9	104.45	50.136	1587647221267272	1587647221267870	598	0
413	209.4	104.7	50.256	1587647221277443	1587647221277947	504	0
414	209.9	104.95	50.376	1587647221287608	1587647221288205	597	0
415	210.4	105.2	50.496	1587647221297739	1587647221298296	557	0
416	210.9	105.45	50.616	1587647221307910	1587647221308497	587	0
417	211.45	105.725	50.748	1587647221318065	1587647221318665	600	0
418	211.95	105.975	50.868	1587647221328248	1587647221328855	607	0
419	212.45	106.225	50.988	1587647221338418	1587647221339015	597	0
420	212.95	106.475	51.108	1587647221348610	1587647221349226	616	0
421	213.45	106.725	51.228	1587647221358769	1587647221359364	595	0
422	213.95	106.975	51.348	1587647221368948	1587647221369546	598	0
423	214.5	107.25	51.48	1587647221379112	1587647221379707	595	0
424	215	107.5	51.6	1587647221389282	1587647221389801	519	0
425	215.5	107.75	51.72	1587647221399448	1587647221400018	570	0
426	216	108	51.84	1587647221409618	1587647221410096	478	0
427	216.5	108.25	51.96	1587647221419790	1587647221420382	592	0
428	217	108.5	52.08	1587647221429965	1587647221430560	595	0
429	217.55	108.775	52.212	1587647221440133	1587647221440731	598	0
430	218.05	109.025	52.332	1587647221450325	1587647221450947	622	0
431	218.55	109.275	52.452	1587647221460493	1587647221461092	599	0
432	219.05	109.525	52.572	1587647221470663	1587647221471262	599	0
433	219.55	109.775	52.692	1587647221480835	1587647221481439	604	0
434	220.05	110.025	52.812	1587647221491002	1587647221491598	596	0
435	220.6	110.3	52.944	1587647221501173	1587647221501761	588	0
436	221.1	110.55	53.064	1587647221511340	1587647221511912	572	0
437	221.6	110.8	53.184	1587647221521513	1587647221522002	489	0
438	222.1	111.05	53.304	1587647221531703	1587647221532293	590	0
439	222.6	111.3	53.424	1587647221541869	1587647221542453	584	0
440	223.1	111.55	53.544	1587647221552060	1587647221552668	608	0
441	223.65	111.825	53.676	1587647221562227	1587647221562823	596	0
442	224.15	112.075	53.796	1587647221572395	1587647221572991	596	0
443	224.65	112.325	53.916	1587647221582563	1587647221583158	595	0
444	225.15	112.575	54.036	1587647221592730	1587647221593325	595	0
445	225.65	112.825	54.156	1587647221602907	1587647221603500	593	0
446	226.2	113.1	54.288	1587647221613079	1587647221613673	594	0
447	226.7	113.35	54.408	1587647221623246	1587647221623842	596	0
448	227.2	113.6	54.528	1587647221633421	1587647221633919	498	0
449	227.7	113.85	54.648	1587647221643590	1587647221644187	597	0
450	228.2	114.1	54.768	1587647221653780	1587647221654398	618	0
451	228.7	114.35	54.888	1587647221663939	1587647221664536	597	0
452	229.25	114.625	55.02	1587647221674069	1587647221674666	597	0
453	229.75	114.875	55.14	1587647221684243	1587647221684840	597	0
454	230.25	115.125	55.26	1587647221694413	1587647221695015	602	0
455	230.75	115.375	55.38	1587647221704578	1587647221705179	601	0
456	231.25	115.625	55.5	1587647221714738	1587647221715333	595	0
457	231.75	115.875	55.62	1587647221724917	1587647221725514	597	0
458	232.3	116.15	55.752	1587647221735086	1587647221735677	591	0
459	232.8	116.4	55.872	1587647221745253	1587647221745859	606	0
460	233.3	116.65	55.992	1587647221755446	1587647221756063	617	0
461	233.8	116.9	56.112	1587647221765618	1587647221766173	555	0
462	234.3	117.15	56.232	1587647221775772	1587647221776295	523	0
463	234.8	117.4	56.352	1587647221785894	1587647221786285	391	0
464	235.3	117.65	56.472	1587647221796013	1587647221796510	497	0
465	235.85	117.925	56.604	1587647221806138	1587647221806537	399	0
466	236.35	118.175	56.724	1587647221816250	1587647221816638	388	0
467	236.85	118.425	56.844	1587647221826391	1587647221826909	518	0
468	237.35	118.675	56.964	1587647221836558	1587647221836974	416	0
469	237.85	118.925	57.084	1587647221846720	1587647221847229	509	0
470	238.35	119.175	57.204	1587647221856913	1587647221857445	532	0
471	238.9	119.45	57.336	1587647221867073	1587647221867606	533	0
472	239.4	119.7	57.456	1587647221877235	1587647221877698	463	0
473	239.9	119.95	57.576	1587647221887389	1587647221887872	483	0
474	240.4	120.2	57.696	1587647221897554	1587647221898016	462	0
475	240.9	120.45	57.816	1587647221907742	1587647221908258	516	0
476	241.4	120.7	57.936	1587647221917869	1587647221918403	534	0
477	241.9	120.95	58.056	1587647221928034	1587647221928565	531	0
478	242.45	121.225	58.188	1587647221938199	1587647221938732	533	0
479	242.95	121.475	58.308	1587647221948384	1587647221948910	526	0
480	243.45	121.725	58.428	1587647221958576	1587647221959127	551	0
481	243.95	121.975	58.548	1587647221968734	1587647221969263	529	0
482	244.45	122.225	58.668	1587647221978911	1587647221979435	524	0
483	245	122.5	58.8	1587647221989079	1587647221989625	546	0
484	245.5	122.75	58.92	1587647221999249	1587647221999774	525	0
485	246	123	59.04	1587647222009417	1587647222009911	494	0
486	246.5	123.25	59.16	1587647222019586	1587647222020121	535	0
487	247	123.5	59.28	1587647222029715	1587647222030132	417	0
488	247.5	123.75	59.4	1587647222039890	1587647222040420	530	0
489	248.05	124.025	59.532	1587647222050042	1587647222050575	533	0
490	248.55	124.275	59.652	1587647222060227	1587647222060699	472	0
491	249.05	124.525	59.772	1587647222070387	1587647222070919	532	0
492	249.55	124.775	59.892	1587647222080554	1587647222081066	512	0
493	250.05	125.025	60.012	1587647222090721	1587647222091285	564	0
494	250.55	125.275	60.132	1587647222100891	1587647222101453	562	0
495	251.1	125.55	60.264	1587647222111060	1587647222111628	568	0
496	251.6	125.8	60.384	1587647222121225	1587647222121789	564	0
497	252.1	126.05	60.504	1587647222131402	1587647222131959	557	0
498	252.6	126.3	60.624	1587647222141581	1587647222141958	377	0
499	253.1	126.55	60.744	1587647222151749	1587647222152302	553	0
500	253.6	126.8	60.864	1587647222161934	1587647222162492	558	0
501	254.15	127.075	60.996	1587647222172091	1587647222172644	553	0
502	254.65	127.325	61.116	1587647222182265	1587647222182800	535	0
503	255.15	127.575	61.236	1587647222192434	1587647222192965	531	0
504	255.65	127.825	61.356	1587647222202605	1587647222203137	532	0
505	256.15	128.075	61.476	1587647222212777	1587647222213310	533	0
506	256.65	128.325	61.596	1587647222222947	1587647222223477	530	0
507	257.2	128.6	61.728	1587647222233113	1587647222233636	523	0
508	257.7	128.85	61.848	1587647222243280	1587647222243808	528	0
509	258.2	129.1	61.968	1587647222253451	1587647222253974	523	0
510	258.7	129.35	62.088	1587647222263646	1587647222264198	552	0
511	259.2	129.6	62.208	1587647222273798	1587647222274331	533	0
512	259.7	129.85	62.328	1587647222283967	1587647222284508	541	0
513	260.25	130.125	62.46	1587647222294138	1587647222294681	543	0
514	260.75	130.375	62.58	1587647222304303	1587647222304765	462	0
515	261.25	130.625	62.7	1587647222314471	1587647222315012	541	0
516	261.75	130.875	62.82	1587647222324639	1587647222325183	544	0
517	262.25	131.125	62.94	1587647222334830	1587647222335386	556	0
518	262.75	131.375	63.06	1587647222345000	1587647222345538	538	0
519	263.3	131.65	63.192	1587647222355169	1587647222355710	541	0
520	263.8	131.9	63.312	1587647222365365	1587647222365938	573	0
521	264.3	132.15	63.432	1587647222375523	1587647222376063	540	0
522	264.8	132.4	63.552	1587647222385665	1587647222386154	489	0
523	265.3	132.65	63.672	1587647222395843	1587647222396381	538	0
524	265.8	132.9	63.792	1587647222406008	1587647222406546	538	0
525	266.35	133.175	63.924	1587647222416177	1587647222416716	539	0
526	266.85	133.425	64.044	1587647222426337	1587647222426762	425	0
527	267.35	133.675	64.164	1587647222436504	1587647222436936	432	0
528	267.85	133.925	64.284	1587647222446687	1587647222447116	429	0
529	268.35	134.175	64.404	1587647222456867	1587647222457298	431	0
530	268.85	134.425	64.524	1587647222467048	1587647222467457	409	0
531	269.4	134.7	64.656	1587647222477195	1587647222477607	412	0
532	269.9	134.95	64.776	1587647222487343	1587647222487632	289	0
533	270.4	135.2	64.896	1587647222497488	1587647222497825	337	0
534	270.9	135.45	65.016	1587647222507630	1587647222507999	369	0
535	271.4	135.7	65.136	1587647222517748	1587647222518107	359	0
536	271.9	135.95	65.256	1587647222527906	1587647222528282	376	0
537	272.45	136.225	65.388	1587647222538051	1587647222538451	400	0
538	272.95	136.475	65.508	1587647222548215	1587647222548646	431	0
539	273.45	136.725	65.628	1587647222558368	1587647222558824	456	0
540	273.95	136.975	65.748	1587647222568578	1587647222569052	474	0
541	274.45	137.225	65.868	1587647222578730	1587647222579163	433	0
542	274.95	137.475	65.988	1587647222588899	1587647222589333	434	0
543	275.5	137.75	66.12	1587647222599060	1587647222599488	428	0
544	276	138	66.24	1587647222609227	1587647222609679	452	0
545	276.5	138.25	66.36	1587647222619402	1587647222619833	431	0
546	277	138.5	66.48	1587647222629585	1587647222629987	402	0
547	277.5	138.75	66.6	1587647222639759	1587647222640225	466	0
548	278	139	66.72	1587647222649893	1587647222650352	459	0
549	278.5	139.25	66.84	1587647222660024	1587647222660486	462	0
550	279.05	139.525	66.972	1587647222670200	1587647222670673	473	0
551	279.55	139.775	67.092	1587647222680353	1587647222680816	463	0
552	280.05	140.025	67.212	1587647222690508	1587647222690969	461	0
553	280.55	140.275	67.332	1587647222700670	1587647222701135	465	0
554	281.05	140.525	67.452	1587647222710799	1587647222711241	442	0
555	281.55	140.775	67.572	1587647222720961	1587647222721427	466	0
556	282.1	141.05	67.704	1587647222731121	1587647222731584	463	0
557	282.6	141.3	67.824	1587647222741282	1587647222741758	476	0
558	283.1	141.55	67.944	1587647222751453	1587647222751958	505	0
559	283.6	141.8	68.064	1587647222761615	1587647222763051	1436	0
560	284.1	142.05	68.184	1587647222771810	1587647222772338	528	0
561	284.6	142.3	68.304	1587647222781971	1587647222782474	503	0
562	285.15	142.575	68.436	1587647222792149	1587647222792652	503	0
563	285.65	142.825	68.556	1587647222802324	1587647222802826	502	0
564	286.15	143.075	68.676	1587647222812491	1587647222812995	504	0
565	286.65	143.325	68.796	1587647222822659	1587647222823166	507	0
566	287.15	143.575	68.916	1587647222832838	1587647222833344	506	0
567	287.65	143.825	69.036	1587647222843009	1587647222843512	503	0
568	288.2	144.1	69.168	1587647222853176	1587647222853682	506	0
569	288.7	144.35	69.288	1587647222863337	1587647222864246	909	0
570	289.2	144.6	69.408	1587647222873529	1587647222874016	487	0
571	289.7	144.85	69.528	1587647222883680	1587647222884163	483	0
572	290.2	145.1	69.648	1587647222893845	1587647222894316	471	0
573	290.7	145.35	69.768	1587647222904021	1587647222904524	503	0
574	291.25	145.625	69.9	1587647222914192	1587647222914695	503	0
575	291.75	145.875	70.02	1587647222924357	1587647222924860	503	0
576	292.25	146.125	70.14	1587647222934530	1587647222935032	502	0
577	292.75	146.375	70.26	1587647222944668	1587647222945128	460	0
578	293.25	146.625	70.38	1587647222954850	1587647222955415	565	0
579	293.75	146.875	70.5	1587647222965017	1587647222965530	513	0
580	294.3	147.15	70.632	1587647222975232	1587647222975743	511	0
581	294.8	147.4	70.752	1587647222985411	1587647222985909	498	0
582	295.3	147.65	70.872	1587647222995579	1587647222996079	500	0
583	295.8	147.9	70.992	1587647223005740	1587647223006182	442	0
584	296.3	148.15	71.112	1587647223015911	1587647223016421	510	0
585	296.85	148.425	71.244	1587647223026085	1587647223026583	498	0
586	297.35	148.675	71.364	1587647223036253	1587647223036748	495	0
587	297.85	148.925	71.484	1587647223046425	1587647223046927	502	0
588	298.35	149.175	71.604	1587647223056594	1587647223057093	499	0
589	298.85	149.425	71.724	1587647223066767	1587647223067279	512	0
590	299.35	149.675	71.844	1587647223076961	1587647223077472	511	0
591	299.9	149.95	71.976	1587647223087125	1587647223087653	528	0
592	300.4	150.2	72.096	1587647223097282	1587647223097737	455	0
593	300.9	150.45	72.216	1587647223107458	1587647223107922	464	0
594	301.4	150.7	72.336	1587647223117621	1587647223117972	351	0
595	301.9	150.95	72.456	1587647223127816	1587647223128292	476	0
596	302.4	151.2	72.576	1587647223137979	1587647223138401	422	0
597	302.95	151.475	72.708	1587647223148145	1587647223148562	417	0
598	303.45	151.725	72.828	1587647223158308	1587647223158757	449	0
599	303.95	151.975	72.948	1587647223168472	1587647223168987	515	0
600	304.45	152.225	73.068	1587647223178663	1587647223179160	497	0
601	304.95	152.475	73.188	1587647223188847	1587647223189374	527	0
602	305.45	152.725	73.308	1587647223199022	1587647223199519	497	0
603	306	153	73.44	1587647223209209	1587647223209708	499	0
604	306.5	153.25	73.56	1587647223219376	1587647223219886	510	0
605	307	153.5	73.68	1587647223229541	1587647223230034	493	0
606	307.5	153.75	73.8	1587647223239738	1587647223240276	538	0
607	308	154	73.92	1587647223249865	1587647223250393	528	0
608	308.5	154.25	74.04	1587647223260025	1587647223260563	538	0
609	309.05	154.525	74.172	1587647223270177	1587647223270710	533	0
610	309.55	154.775	74.292	1587647223280944	1587647223281415	471	0
611	310.1	155.05	74.424	1587647223291100	1587647223291646	546	0
612	310.6	155.3	74.544	1587647223301264	1587647223301809	545	0
613	311.1	155.55	74.664	1587647223311429	1587647223311965	536	0
614	311.6	155.8	74.784	1587647223321621	1587647223322077	456	0
615	312.1	156.05	74.904	1587647223331791	1587647223332331	540	0
616	312.6	156.3	75.024	1587647223341921	1587647223342472	551	0
617	313.15	156.575	75.156	1587647223352109	1587647223352646	537	0
618	313.65	156.825	75.276	1587647223362279	1587647223362814	535	0
619	314.15	157.075	75.396	1587647223372443	1587647223372994	551	0
620	314.65	157.325	75.516	1587647223382633	1587647223383181	548	0
621	315.15	157.575	75.636	1587647223392789	1587647223393329	540	0
622	315.65	157.825	75.756	1587647223402959	1587647223403496	537	0
623	316.2	158.1	75.888	1587647223413123	1587647223413676	553	0
624	316.7	158.35	76.008	1587647223423288	1587647223423830	542	0
625	317.2	158.6	76.128	1587647223433453	1587647223433985	532	0
626	317.7	158.85	76.248	1587647223443621	1587647223444162	541	0
627	318.2	159.1	76.368	1587647223453747	1587647223454291	544	0
628	318.7	159.35	76.488	1587647223463915	1587647223464486	571	0
629	319.25	159.625	76.62	1587647223474066	1587647223474528	462	0
630	319.75	159.875	76.74	1587647223484248	1587647223484694	446	0
631	320.25	160.125	76.86	1587647223494397	1587647223494834	437	0
632	320.75	160.375	76.98	1587647223504553	1587647223504986	433	0
633	321.25	160.625	77.1	1587647223514720	1587647223515100	380	0
634	321.75	160.875	77.22	1587647223524881	1587647223525284	403	0
635	322.3	161.15	77.352	1587647223535045	1587647223535484	439	0
636	322.8	161.4	77.472	1587647223545237	1587647223545728	491	0
637	323.3	161.65	77.592	1587647223555403	1587647223555879	476	0
638	323.8	161.9	77.712	1587647223565586	1587647223566055	469	0
639	324.3	162.15	77.832	1587647223575754	1587647223576303	549	0
640	324.8	162.4	77.952	1587647223585902	1587647223586414	512	0
641	325.35	162.675	78.084	1587647223596056	1587647223596607	551	0
642	325.85	162.925	78.204	1587647223606222	1587647223606762	540	0
643	326.35	163.175	78.324	1587647223616388	1587647223616898	510	0
644	326.85	163.425	78.444	1587647223626555	1587647223627107	552	0
645	327.35	163.675	78.564	1587647223636719	1587647223637278	559	0
646	327.85	163.925	78.684	1587647223646885	1587647223647408	523	0
647	328.4	164.2	78.816	1587647223657054	1587647223657627	573	0
648	328.9	164.45	78.936	1587647223667230	1587647223667737	507	0
649	329.4	164.7	79.056	1587647223677396	1587647223677845	449	0
650	329.9	164.95	79.176	1587647223687608	1587647223688177	569	0
651	330.4	165.2	79.296	1587647223697725	1587647223698220	495	0
652	330.9	165.45	79.416	1587647223707900	1587647223708458	558	0
653	331.45	165.725	79.548	1587647223718085	1587647223718638	553	0
654	331.95	165.975	79.668	1587647223728257	1587647223728815	558	0
655	332.45	166.225	79.788	1587647223738423	1587647223738947	524	0
656	332.95	166.475	79.908	1587647223748590	1587647223749151	561	0
657	333.45	166.725	80.028	1587647223758757	1587647223759318	561	0
658	333.95	166.975	80.148	1587647223768924	1587647223769483	559	0
659	334.5	167.25	80.28	1587647223779094	1587647223779688	594	0
660	335	167.5	80.4	1587647223789283	1587647223789863	580	0
661	335.5	167.75	80.52	1587647223799454	1587647223800018	564	0
662	336	168	80.64	1587647223809625	1587647223810182	557	0
663	336.5	168.25	80.76	1587647223819792	1587647223820353	561	0
664	337	168.5	80.88	1587647223829923	1587647223830483	560	0
665	337.55	168.775	81.012	1587647223840092	1587647223840651	559	0
666	338.05	169.025	81.132	1587647223850257	1587647223850818	561	0
667	338.55	169.275	81.252	1587647223860423	1587647223860985	562	0
668	339.05	169.525	81.372	1587647223870588	1587647223871148	560	0
669	339.55	169.775	81.492	1587647223880756	1587647223881351	595	0
670	340.05	170.025	81.612	1587647223890957	1587647223891525	568	0
671	340.6	170.3	81.744	1587647223901112	1587647223901634	522	0
672	341.1	170.55	81.864	1587647223911282	1587647223911881	599	0
673	341.6	170.8	81.984	1587647223921447	1587647223921909	462	0
674	342.1	171.05	82.104	1587647223931611	1587647223932215	604	0
675	342.6	171.3	82.224	1587647223941737	1587647223942312	575	0
676	343.1	171.55	82.344	1587647223951901	1587647223952507	606	0
677	343.65	171.825	82.476	1587647223962086	1587647223962695	609	0
678	344.15	172.075	82.596	1587647223972255	1587647223972861	606	0
679	344.65	172.325	82.716	1587647223982423	1587647223983032	609	0
680	345.15	172.575	82.836	1587647223992618	1587647223993228	610	0
681	345.65	172.825	82.956	1587647224002774	1587647224003375	601	0
682	346.15	173.075	83.076	1587647224012934	1587647224013479	545	0
683	346.7	173.35	83.208	1587647224023100	1587647224023625	525	0
684	347.2	173.6	83.328	1587647224033266	1587647224033825	559	0
685	347.7	173.85	83.448	1587647224043435	1587647224044028	593	0
686	348.2	174.1	83.568	1587647224053619	1587647224054167	548	0
687	348.7	174.35	83.688	1587647224063790	1587647224064366	576	0
688	349.2	174.6	83.808	1587647224073921	1587647224074493	572	0
689	349.75	174.875	83.94	1587647224084091	1587647224084671	580	0
690	350.25	175.125	84.06	1587647224094285	1587647224094887	602	0
691	350.75	175.375	84.18	1587647224104447	1587647224105037	590	0
692	351.25	175.625	84.3	1587647224114615	1587647224115178	563	0
693	351.75	175.875	84.42	1587647224124784	1587647224125375	591	0
694	352.25	176.125	84.54	1587647224134970	1587647224135559	589	0
695	352.8	176.4	84.672	1587647224145137	1587647224145720	583	0
696	353.3	176.65	84.792	1587647224155303	1587647224155877	574	0
697	353.8	176.9	84.912	1587647224165467	1587647224165929	462	0
698	354.3	177.15	85.032	1587647224175634	1587647224176219	585	0
699	354.8	177.4	85.152	1587647224185764	1587647224186409	645	0
700	355.3	177.65	85.272	1587647224195954	1587647224196599	645	0
701	355.85	177.925	85.404	1587647224206120	1587647224206759	639	0
702	356.35	178.175	85.524	1587647224216286	1587647224216923	637	0
703	356.85	178.425	85.644	1587647224226455	1587647224227069	614	0
704	357.35	178.675	85.764	1587647224236623	1587647224237231	608	0
705	357.85	178.925	85.884	1587647224246790	1587647224247399	609	0
706	358.35	179.175	86.004	1587647224256960	1587647224257557	597	0
707	358.9	179.45	86.136	1587647224267126	1587647224267731	605	0
708	359.4	179.7	86.256	1587647224277293	1587647224277810	517	0
709	359.9	179.95	86.376	1587647224287459	1587647224288103	644	0
710	360.4	180.2	86.496	1587647224297655	1587647224298225	570	0
711	360.9	180.45	86.616	1587647224307813	1587647224308421	608	0
712	361.4	180.7	86.736	1587647224317980	1587647224318587	607	0
713	361.95	180.975	86.868	1587647224328156	1587647224328774	618	0
714	362.45	181.225	86.988	1587647224338324	1587647224338944	620	0
715	362.95	181.475	87.108	1587647224348504	1587647224349125	621	0
716	363.45	181.725	87.228	1587647224358668	1587647224359278	610	0
717	363.95	181.975	87.348	1587647224368843	1587647224369459	616	0
718	364.45	182.225	87.468	1587647224379009	1587647224379620	611	0
719	365	182.5	87.6	1587647224389172	1587647224389786	614	0
720	365.5	182.75	87.72	1587647224399369	1587647224399993	624	0
721	366	183	87.84	1587647224409517	1587647224410114	597	0
722	366.5	183.25	87.96	1587647224419674	1587647224420283	609	0
723	367	183.5	88.08	1587647224429801	1587647224430406	605	0
724	367.5	183.75	88.2	1587647224439958	1587647224440560	602	0
725	368.05	184.025	88.332	1587647224450101	1587647224450706	605	0
726	368.55	184.275	88.452	1587647224460260	1587647224460747	487	0
727	369.05	184.525	88.572	1587647224470426	1587647224471017	591	0
728	369.55	184.775	88.692	1587647224480585	1587647224481950	1365	0
729	370.05	185.025	88.812	1587647224490763	1587647224491414	651	0
730	370.55	185.275	88.932	1587647224500963	1587647224501610	647	0
731	371.1	185.55	89.064	1587647224511124	1587647224511766	642	0
732	371.6	185.8	89.184	1587647224521290	1587647224521887	597	0
733	372.1	186.05	89.304	1587647224531468	1587647224532110	642	0
734	372.6	186.3	89.424	1587647224541649	1587647224542132	483	0
735	373.1	186.55	89.544	1587647224551814	1587647224552453	639	0
736	373.6	186.8	89.664	1587647224561990	1587647224562630	640	0
737	374.15	187.075	89.796	1587647224572160	1587647224572748	588	0
738	374.65	187.325	89.916	1587647224582320	1587647224583206	886	0
739	375.15	187.575	90.036	1587647224592486	1587647224593140	654	0
740	375.65	187.825	90.156	1587647224602677	1587647224603317	640	0
741	376.15	188.075	90.276	1587647224612844	1587647224613483	639	0
742	376.65	188.325	90.396	1587647224623020	1587647224623660	640	0
743	377.2	188.6	90.528	1587647224633186	1587647224633790	604	0
744	377.7	188.85	90.648	1587647224643372	1587647224644012	640	0
745	378.2	189.1	90.768	1587647224653538	1587647224654032	494	0
746	378.7	189.35	90.888	1587647224663704	1587647224664346	642	0
747	379.2	189.6	91.008	1587647224673837	1587647224674392	555	0
748	379.7	189.85	91.128	1587647224684017	1587647224684658	641	0
749	380.25	190.125	91.26	1587647224694147	1587647224694767	620	0
750	380.75	190.375	91.38	1587647224704345	1587647224704992	647	0
751	381.25	190.625	91.5	1587647224714516	1587647224715163	647	0
752	381.75	190.875	91.62	1587647224724687	1587647224725326	639	0
753	382.25	191.125	91.74	1587647224734861	1587647224735500	639	0
754	382.75	191.375	91.86	1587647224745027	1587647224745672	645	0
755	383.3	191.65	91.992	1587647224755192	1587647224755829	637	0
756	383.8	191.9	92.112	1587647224765361	1587647224765953	592	0
757	384.3	192.15	92.232	1587647224775527	1587647224776145	618	0
758	384.8	192.4	92.352	1587647224785665	1587647224786317	652	0
759	385.3	192.65	92.472	1587647224795842	1587647224796488	646	0
760	385.8	192.9	92.592	1587647224806036	1587647224806682	646	0
761	386.35	193.175	92.724	1587647224816197	1587647224816840	643	0
762	386.85	193.425	92.844	1587647224826376	1587647224826999	623	0
763	387.35	193.675	92.964	1587647224836542	1587647224837188	646	0
764	387.85	193.925	93.084	1587647224846712	1587647224847355	643	0
765	388.35	194.175	93.204	1587647224856881	1587647224857529	648	0
766	388.9	194.45	93.336	1587647224867048	1587647224867690	642	0
767	389.4	194.7	93.456	1587647224877218	1587647224877829	611	0
768	389.9	194.95	93.576	1587647224887386	1587647224888036	650	0
769	390.4	195.2	93.696	1587647224897552	1587647224898024	472	0
770	390.9	195.45	93.816	1587647224907760	1587647224908405	645	0
771	391.4	195.7	93.936	1587647224917885	1587647224918526	641	0
772	391.95	195.975	94.068	1587647224928051	1587647224928688	637	0
773	392.45	196.225	94.188	1587647224938218	1587647224938818	600	0
774	392.95	196.475	94.308	1587647224948383	1587647224949022	639	0
775	393.45	196.725	94.428	1587647224958551	1587647224959188	637	0
776	393.95	196.975	94.548	1587647224968720	1587647224969335	615	0
777	394.45	197.225	94.668	1587647224978902	1587647224979516	614	0
778	395	197.5	94.8	1587647224989070	1587647224989716	646	0
779	395.5	197.75	94.92	1587647224999238	1587647224999885	647	0
780	396	198	95.04	1587647225009429	1587647225009997	568	0
781	396.5	198.25	95.16	1587647225019587	1587647225020206	619	0
782	397	198.5	95.28	1587647225029725	1587647225030251	526	0
783	397.5	198.75	95.4	1587647225039900	1587647225040548	648	0
784	398.05	199.025	95.532	1587647225050068	1587647225050709	641	0
785	398.55	199.275	95.652	1587647225060234	1587647225060794	560	0
786	399.05	199.525	95.772	1587647225070396	1587647225070960	564	0
787	399.55	199.775	95.892	1587647225080566	1587647225081193	627	0
788	400.05	200.025	96.012	1587647225090729	1587647225091377	648	0
789	400.55	200.275	96.132	1587647225100900	1587647225101545	645	0
790	401.1	200.55	96.264	1587647225111097	1587647225111741	644	0
791	401.6	200.8	96.384	1587647225121255	1587647225121884	629	0
792	402.1	201.05	96.504	1587647225131421	1587647225132060	639	0
793	402.6	201.3	96.624	1587647225141598	1587647225142156	558	0
794	403.1	201.55	96.744	1587647225151763	1587647225152403	640	0
795	403.6	201.8	96.864	1587647225161894	1587647225162513	619	0
796	404.15	202.075	96.996	1587647225172060	1587647225172680	620	0
797	404.65	202.325	97.116	1587647225182244	1587647225182890	646	0
798	405.15	202.575	97.236	1587647225192436	1587647225193086	650	0
799	405.65	202.825	97.356	1587647225202604	1587647225203248	644	0
800	406.15	203.075	97.476	1587647225212797	1587647225213440	643	0
801	406.65	203.325	97.596	1587647225222954	1587647225223602	648	0
802	407.2	203.6	97.728	1587647225233121	1587647225233723	602	0
803	407.7	203.85	97.848	1587647225243289	1587647225243898	609	0
804	408.2	204.1	97.968	1587647225253459	1587647225254032	573	0
805	408.7	204.35	98.088	1587647225263627	1587647225264267	640	0
806	409.2	204.6	98.208	1587647225273759	1587647225274280	521	0
807	409.7	204.85	98.328	1587647225283927	1587647225284514	587	0
808	410.25	205.125	98.46	1587647225294058	1587647225294645	587	0
809	410.75	205.375	98.58	1587647225304228	1587647225304869	641	0
810	411.25	205.625	98.7	1587647225314420	1587647225315064	644	0
811	411.75	205.875	98.82	1587647225324582	1587647225325202	620	0
812	412.25	206.125	98.94	1587647225334747	1587647225335387	640	0
813	412.75	206.375	99.06	1587647225344922	1587647225345579	657	0
814	413.3	206.65	99.192	1587647225355088	1587647225355690	602	0
815	413.8	206.9	99.312	1587647225365272	1587647225365902	630	0
816	414.3	207.15	99.432	1587647225375440	1587647225376061	621	0
817	414.8	207.4	99.552	1587647225385621	1587647225386143	522	0
818	415.3	207.65	99.672	1587647225395792	1587647225396438	646	0
819	415.8	207.9	99.792	1587647225405923	1587647225406543	620	0
820	416.35	208.175	99.924	1587647225416115	1587647225416759	644	0
821	416.85	208.425	100.044	1587647225426272	1587647225426879	607	0
822	417.35	208.675	100.164	1587647225436441	1587647225437088	647	0
823	417.85	208.925	100.284	1587647225446608	1587647225447251	643	0
824	418.35	209.175	100.404	1587647225456774	1587647225457416	642	0
825	418.85	209.425	100.524	1587647225466948	1587647225467588	640	0
826	419.4	209.7	100.656	1587647225477115	1587647225477741	626	0
827	419.9	209.95	100.776	1587647225487282	1587647225487922	640	0
828	420.4	210.2	100.896	1587647225497449	1587647225498016	567	0
829	420.9	210.45	101.016	1587647225507620	1587647225508262	642	0
830	421.4	210.7	101.136	1587647225517776	1587647225518375	599	0
831	421.9	210.95	101.256	1587647225527935	1587647225528573	638	0
832	422.45	211.225	101.388	1587647225538085	1587647225538724	639	0
833	422.95	211.475	101.508	1587647225548256	1587647225548892	636	0
834	423.45	211.725	101.628	1587647225558434	1587647225558905	471	0
835	423.95	211.975	101.748	1587647225568610	1587647225569160	550	0
836	424.45	212.225	101.868	1587647225578781	1587647225579334	553	0
837	424.95	212.475	101.988	1587647225588949	1587647225589498	549	0
838	425.5	212.75	102.12	1587647225599108	1587647225599690	582	0
839	426	213	102.24	1587647225609277	1587647225609820	543	0
840	426.5	213.25	102.36	1587647225619470	1587647225620109	639	0
841	427	213.5	102.48	1587647225629631	1587647225630198	567	0
842	427.5	213.75	102.6	1587647225639801	1587647225640445	644	0
843	428	214	102.72	1587647225649977	1587647225650564	587	0
844	428.55	214.275	102.852	1587647225660151	1587647225660785	634	0
845	429.05	214.525	102.972	1587647225670322	1587647225670910	588	0
846	429.55	214.775	103.092	1587647225680483	1587647225680968	485	0
847	430.05	215.025	103.212	1587647225690660	1587647225691139	479	0
848	430.55	215.275	103.332	1587647225700828	1587647225701422	594	0
849	431.05	215.525	103.452	1587647225711001	1587647225711556	555	0
850	431.6	215.8	103.584	1587647225721193	1587647225721763	570	0
851	432.1	216.05	103.704	1587647225731347	1587647225731902	555	0
852	432.6	216.3	103.824	1587647225741513	1587647225741975	462	0
853	433.1	216.55	103.944	1587647225751677	1587647225752156	479	0
854	433.6	216.8	104.064	1587647225761809	1587647225762284	475	0
855	434.1	217.05	104.184	1587647225771982	1587647225772457	475	0
856	434.65	217.325	104.316	1587647225782149	1587647225782625	476	0
857	435.15	217.575	104.436	1587647225792316	1587647225792793	477	0
858	435.65	217.825	104.556	1587647225802495	1587647225803085	590	0
859	436.15	218.075	104.676	1587647225812667	1587647225813221	554	0
860	436.65	218.325	104.796	1587647225822862	1587647225823428	566	0
861	437.15	218.575	104.916	1587647225833020	1587647225833600	580	0
862	437.7	218.85	105.048	1587647225843186	1587647225843741	555	0
863	438.2	219.1	105.168	1587647225853357	1587647225853868	511	0
864	438.7	219.35	105.288	1587647225863524	1587647225864077	553	0
865	439.2	219.6	105.408	1587647225873684	1587647225874173	489	0
866	439.7	219.85	105.528	1587647225883874	1587647225884426	552	0
867	440.25	220.125	105.66	1587647225894043	1587647225894592	549	0
868	440.75	220.375	105.78	1587647225904221	1587647225904809	588	0
869	441.25	220.625	105.9	1587647225914381	1587647225914825	444	0
870	441.75	220.875	106.02	1587647225924572	1587647225925131	559	0
871	442.25	221.125	106.14	1587647225934727	1587647225935280	553	0
872	442.75	221.375	106.26	1587647225944902	1587647225945454	552	0
873	443.3	221.65	106.392	1587647225955067	1587647225955621	554	0
874	443.8	221.9	106.512	1587647225965232	1587647225965789	557	0
875	444.3	222.15	106.632	1587647225975413	1587647225975986	573	0
876	444.8	222.4	106.752	1587647225985592	1587647225986037	445	0
877	445.3	222.65	106.872	1587647225995768	1587647225996320	552	0
878	445.8	222.9	106.992	1587647226005932	1587647226006491	559	0
879	446.35	223.175	107.124	1587647226016102	1587647226016607	505	0
880	446.85	223.425	107.244	1587647226026304	1587647226026847	543	0
881	447.35	223.675	107.364	1587647226036462	1587647226037015	553	0
882	447.85	223.925	107.484	1587647226046629	1587647226047181	552	0
883	448.35	224.175	107.604	1587647226056796	1587647226057350	554	0
884	448.85	224.425	107.724	1587647226066959	1587647226067514	555	0
885	449.4	224.7	107.856	1587647226077119	1587647226077684	565	0
886	449.9	224.95	107.976	1587647226087288	1587647226087841	553	0
887	450.4	225.2	108.096	1587647226097453	1587647226097913	460	0
888	450.9	225.45	108.216	1587647226107622	1587647226108173	551	0
889	451.4	225.7	108.336	1587647226117782	1587647226118307	525	0
890	451.9	225.95	108.456	1587647226127973	1587647226128484	511	0
891	452.45	226.225	108.588	1587647226138124	1587647226138676	552	0
892	452.95	226.475	108.708	1587647226148295	1587647226148849	554	0
893	453.45	226.725	108.828	1587647226158462	1587647226158969	507	0
894	453.95	226.975	108.948	1587647226168644	1587647226169194	550	0
895	454.45	227.225	109.068	1587647226178814	1587647226179373	559	0
896	454.95	227.475	109.188	1587647226188983	1587647226189528	545	0
897	455.5	227.75	109.32	1587647226199150	1587647226199701	551	0
898	456	228	109.44	1587647226209316	1587647226209872	556	0
899	456.5	228.25	109.56	1587647226219495	1587647226220045	550	0
900	457	228.5	109.68	1587647226229701	1587647226230139	438	0
901	457.5	228.75	109.8	1587647226239867	1587647226240419	552	0
902	458	229	109.92	1587647226250034	1587647226250586	552	0
903	458.55	229.275	110.052	1587647226260200	1587647226260756	556	0
904	459.05	229.525	110.172	1587647226270368	1587647226270920	552	0
905	459.55	229.775	110.292	1587647226280942	1587647226281345	403	0
906	460.1	230.05	110.424	1587647226291111	1587647226291664	553	0
907	460.6	230.3	110.544	1587647226301278	1587647226301765	487	0
908	461.1	230.55	110.664	1587647226311444	1587647226311886	442	0
909	461.6	230.8	110.784	1587647226321614	1587647226322034	420	0
910	462.1	231.05	110.904	1587647226331804	1587647226332360	556	0
911	462.6	231.3	111.024	1587647226341940	1587647226342463	523	0
912	463.15	231.575	111.156	1587647226352111	1587647226352660	549	0
913	463.65	231.825	111.276	1587647226362268	1587647226362748	480	0
914	464.15	232.075	111.396	1587647226372428	1587647226372917	489	0
915	464.65	232.325	111.516	1587647226382587	1587647226383138	551	0
916	465.15	232.575	111.636	1587647226392747	1587647226393236	489	0
917	465.65	232.825	111.756	1587647226402908	1587647226404411	1503	0
918	466.2	233.1	111.888	1587647226413068	1587647226413638	570	0
919	466.7	233.35	112.008	1587647226423234	1587647226423725	491	0
920	467.2	233.6	112.128	1587647226433427	1587647226433941	514	0
921	467.7	233.85	112.248	1587647226443584	1587647226444062	478	0
922	468.2	234.1	112.368	1587647226453745	1587647226454195	450	0
923	468.7	234.35	112.488	1587647226463921	1587647226464410	489	0
924	469.25	234.625	112.62	1587647226474089	1587647226474635	546	0
925	469.75	234.875	112.74	1587647226484260	1587647226484743	483	0
926	470.25	235.125	112.86	1587647226494429	1587647226494918	489	0
927	470.75	235.375	112.98	1587647226504593	1587647226505641	1048	0
928	471.25	235.625	113.1	1587647226514738	1587647226515357	619	0
929	471.75	235.875	113.22	1587647226524917	1587647226525504	587	0
930	472.3	236.15	113.352	1587647226535123	1587647226535737	614	0
931	472.8	236.4	113.472	1587647226545282	1587647226545906	624	0
932	473.3	236.65	113.592	1587647226555440	1587647226556055	615	0
933	473.8	236.9	113.712	1587647226565618	1587647226566193	575	0
934	474.3	237.15	113.832	1587647226575779	1587647226576348	569	0
935	474.8	237.4	113.952	1587647226585911	1587647226586550	639	0
936	475.35	237.675	114.084	1587647226596099	1587647226596735	636	0
937	475.85	237.925	114.204	1587647226606270	1587647226606894	624	0
938	476.35	238.175	114.324	1587647226616437	1587647226617043	606	0
939	476.85	238.425	114.444	1587647226626603	1587647226627226	623	0
940	477.35	238.675	114.564	1587647226636798	1587647226637413	615	0
941	477.85	238.925	114.684	1587647226646951	1587647226647540	589	0
942	478.4	239.2	114.816	1587647226657118	1587647226657725	607	0
943	478.9	239.45	114.936	1587647226667290	1587647226667897	607	0
944	479.4	239.7	115.056	1587647226677450	1587647226678033	583	0
945	479.9	239.95	115.176	1587647226687616	1587647226688215	599	0
946	480.4	240.2	115.296	1587647226697748	1587647226698276	528	0
947	480.9	240.45	115.416	1587647226707923	1587647226708537	614	0
948	481.45	240.725	115.548	1587647226718093	1587647226718693	600	0
949	481.95	240.975	115.668	1587647226728223	1587647226728652	429	0
950	482.45	241.225	115.788	1587647226738419	1587647226739038	619	0
951	482.95	241.475	115.908	1587647226748579	1587647226749184	605	0
952	483.45	241.725	116.028	1587647226758748	1587647226759359	611	0
953	483.95	241.975	116.148	1587647226768927	1587647226769584	657	0
954	484.5	242.25	116.28	1587647226779099	1587647226779729	630	0
955	485	242.5	116.4	1587647226789259	1587647226789897	638	0
956	485.5	242.75	116.52	1587647226799427	1587647226800059	632	0
957	486	243	116.64	1587647226809608	1587647226810170	562	0
958	486.5	243.25	116.76	1587647226819788	1587647226820382	594	0
959	487	243.5	116.88	1587647226829920	1587647226830521	601	0
960	487.55	243.775	117.012	1587647226840112	1587647226840725	613	0
961	488.05	244.025	117.132	1587647226850279	1587647226850886	607	0
962	488.55	244.275	117.252	1587647226860440	1587647226861048	608	0
963	489.05	244.525	117.372	1587647226870606	1587647226871211	605	0
964	489.55	244.775	117.492	1587647226880777	1587647226881378	601	0
965	490.05	245.025	117.612	1587647226890949	1587647226891550	601	0
966	490.6	245.3	117.744	1587647226901120	1587647226901692	572	0
967	491.1	245.55	117.864	1587647226911298	1587647226911856	558	0
968	491.6	245.8	117.984	1587647226921467	1587647226922040	573	0
969	492.1	246.05	118.104	1587647226931633	1587647226932234	601	0
970	492.6	246.3	118.224	1587647226941784	1587647226942399	615	0
971	493.1	246.55	118.344	1587647226951943	1587647226952548	605	0
972	493.65	246.825	118.476	1587647226962110	1587647226962712	602	0
973	494.15	247.075	118.596	1587647226972276	1587647226972876	600	0
974	494.65	247.325	118.716	1587647226982434	1587647226983009	575	0
975	495.15	247.575	118.836	1587647226992602	1587647226993211	609	0
976	495.65	247.825	118.956	1587647227002766	1587647227003372	606	0
977	496.15	248.075	119.076	1587647227012933	1587647227013548	615	0
978	496.7	248.35	119.208	1587647227023103	1587647227023683	580	0
979	497.2	248.6	119.328	1587647227033270	1587647227033857	587	0
980	497.7	248.85	119.448	1587647227043465	1587647227043939	474	0
981	498.2	249.1	119.568	1587647227053627	1587647227054251	624	0
982	498.7	249.35	119.688	1587647227063785	1587647227064388	603	0
983	499.2	249.6	119.808	1587647227073916	1587647227074518	602	0
984	499.75	249.875	119.94	1587647227084083	1587647227084687	604	0
985	500.25	250.125	120.06	1587647227094242	1587647227094886	644	0
986	500.75	250.375	120.18	1587647227104403	1587647227104984	581	0
987	501.25	250.625	120.3	1587647227114570	1587647227115159	589	0
988	501.75	250.875	120.42	1587647227124744	1587647227125353	609	0
989	502.25	251.125	120.54	1587647227134879	1587647227135454	575	0
990	502.8	251.4	120.672	1587647227145085	1587647227145677	592	0
991	503.3	251.65	120.792	1587647227155235	1587647227155853	618	0
992	503.8	251.9	120.912	1587647227165392	1587647227165894	502	0
993	504.3	252.15	121.032	1587647227175559	1587647227176138	579	0
994	504.8	252.4	121.152	1587647227185694	1587647227186236	542	0
995	505.3	252.65	121.272	1587647227195855	1587647227196421	566	0
996	505.8	252.9	121.392	1587647227206032	1587647227206614	582	0
997	506.35	253.175	121.524	1587647227216196	1587647227216779	583	0
998	506.85	253.425	121.644	1587647227226369	1587647227226977	608	0
999	507.35	253.675	121.764	1587647227236528	1587647227237070	542	0
1000	507.85	253.925	121.884	1587647227246713	1587647227247299	586	0
1001	508.35	254.175	122.004	1587647227256876	-1	-1	1
1002	508.85	254.425	122.124	1587647227267040	-1	-1	1
1003	509.4	254.7	122.256	1587647227277199	-1	-1	1
1004	509.9	254.95	122.376	1587647227287330	-1	-1	1
1005	510.4	255.2	122.496	1587647227297491	-1	-1	1
1006	510.9	255.45	122.616	1587647227307658	-1	-1	1
1007	511.4	255.7	122.736	1587647227317790	-1	-1	1
1008	511.9	255.95	122.856	1587647227327970	-1	-1	1
1009	512.45	256.225	122.988	1587647227338113	-1	-1	1
Total loss: 10
