1	1062.38	7806.88	9000.2
2	1156.85	7916.07	9023.85
3	1165.52	7982.38	9026.91
4	1174.19	8048.68	9029.97
5	1182.9	8115.6	9033.05
6	1191.62	8181.93	9036.12
7	1200.29	8248.23	9039.18
8	1208.96	8314.52	9042.24
9	1217.63	8380.83	9045.3
10	1226.3	8447.12	9048.36
11	1234.97	8513.42	9051.42
12	1243.64	8579.73	9054.48
13	1252.36	8646.05	9057.55
14	1261.06	8712.98	9060.63
15	1269.73	8779.27	9063.69
16	1278.4	8845.58	9066.75
17	1287.07	8911.88	9069.81
18	1295.74	8978.17	9072.87
19	1304.41	9044.48	9075.93
20	1313.08	9110.77	9078.99
21	1321.8	9177.1	9082.06
22	1330.47	9243.4	9085.12
23	1339.14	9309.7	9088.18
24	1347.81	9376	9091.24
25	1356.48	9442.3	9094.3
26	1365.15	9508.6	9097.36
27	1373.82	9574.9	9100.42
28	1382.49	9641.2	9103.48
29	1391.21	9707.52	9106.55
30	1399.88	9773.83	9109.61
31	1408.55	9840.12	9112.67
32	1417.22	9906.43	9115.73
33	1425.89	9972.73	9118.79
34	1434.56	10039	9121.85
35	1443.23	10105.3	9124.91
36	1451.95	10171.6	9127.99
37	1460.62	10238	9131.05
38	1469.29	10304.2	9134.11
39	1477.96	10370.6	9137.17
40	1486.63	10436.9	9140.23
41	1495.3	10503.1	9143.29
42	1504.02	10569.5	9146.36
43	1512.69	10635.8	9149.42
44	1521.36	10702.1	9152.48
45	1530.03	10768.4	9155.54
46	1538.7	10834.7	9158.6
47	1547.37	10901	9161.66
48	1556.04	10967.3	9164.72
49	1564.76	11033.6	9167.79
50	1573.43	11099.9	9170.85
51	1582.1	11166.2	9173.91
52	1590.77	11232.5	9176.97
53	1599.44	11298.8	9180.03
54	1608.11	11365.1	9183.09
55	1613.21	11367.6	9184.31
56	1620.35	11495.1	9187.99
57	1623.92	11558.9	9189.82
58	1627.49	11622.6	9191.66
59	1631.06	11686.4	9193.49
60	1634.63	11750.1	9195.33
61	1638.2	11813.9	9197.17
62	1641.77	11877.6	9199
63	1645.34	11941.4	9200.84
64	1648.91	12005.1	9202.67
65	1652.48	12068.9	9204.51
66	1656.05	12132.6	9206.35
67	1719.37	12226.3	9222.52
68	1722.94	12290	9224.36
69	1726.51	12353.8	9226.19
70	1746.43	12425.7	9231.95
71	1755.6	12492.2	9235.13
72	1762.72	12557.8	9237.82
73	1772.94	12624.9	9241.25
74	1781.61	12691.2	9244.31
75	1790.28	12757.5	9247.37
76	1799.04	12824.4	9250.46
77	1807.71	12890.7	9253.52
78	1816.38	12957	9256.58
79	1825.05	13023.3	9259.64
80	1833.72	13089.6	9262.7
81	1842.39	13155.9	9265.76
82	1851.06	13222.2	9268.82
83	1859.73	13288.5	9271.88
84	1868.4	13354.8	9274.94
85	1877.07	13421.1	9278
86	1885.74	13487.4	9281.06
87	1894.41	13553.7	9284.12
88	1903.08	13620	9287.18
89	1911.75	13686.3	9290.24
90	1920.42	13752.6	9293.3
91	1929.09	13818.9	9296.36
92	1937.76	13885.2	9299.42
93	1946.43	13951.5	9302.48
94	1955.1	14017.8	9305.54
95	1963.77	14084.1	9308.6
96	1972.44	14150.4	9311.66
97	1981.11	14216.7	9314.72
98	1989.78	14283	9317.78
99	1998.45	14349.3	9320.84
100	2007.12	14415.6	9323.9
101	2015.79	14481.9	9326.96
102	2024.51	14548.2	9330.04
103	2033.18	14614.5	9333.1
104	2041.85	14680.8	9336.16
105	2050.52	14747.1	9339.22
106	2059.19	14813.4	9342.28
107	2067.86	14879.7	9345.34
108	2076.53	14946	9348.4
109	2085.2	15012.3	9351.46
110	2093.87	15078.6	9354.52
111	2102.54	15144.9	9357.58
112	2111.21	15211.2	9360.64
113	2119.88	15277.5	9363.7
114	2128.5	15343.8	9366.74
115	2137.17	15410.1	9369.8
116	2145.89	15476.4	9372.88
117	2154.59	15543.3	9375.95
118	2163.26	15609.6	9379.01
119	2171.93	15675.9	9382.07
120	2180.6	15742.2	9385.13
121	2189.27	15808.5	9388.19
122	2197.94	15874.8	9391.25
123	2206.61	15941.1	9394.31
124	2215.28	16007.4	9397.37
125	2223.95	16073.7	9400.43
126	2232.67	16140.1	9403.51
127	2241.38	16207	9406.58
128	2250.05	16273.3	9409.64
129	2258.72	16339.6	9412.7
130	2267.39	16405.9	9415.76
131	2276.06	16472.2	9418.82
132	2284.73	16538.5	9421.88
133	2293.45	16604.8	9424.96
134	2302.12	16671.1	9428.02
135	2310.82	16738	9431.09
136	2319.49	16804.3	9434.15
137	2328.16	16870.6	9437.21
138	2336.83	16936.9	9440.27
139	2345.5	17003.2	9443.33
140	2354.17	17069.5	9446.39
141	2362.89	17135.9	9449.47
142	2371.6	17202.8	9452.54
143	2380.27	17269.1	9455.6
144	2388.94	17335.4	9458.66
145	2397.61	17401.7	9461.72
146	2406.28	17468	9464.78
147	2414.95	17534.3	9467.84
148	2423.62	17600.6	9470.9
149	2432.32	17667.5	9473.98
150	2441.04	17733.8	9477.05
151	2449.71	17800.1	9480.11
152	2458.38	17866.4	9483.17
153	2467.05	17932.7	9486.23
154	2475.72	17999	9489.29
155	2484.39	18065.3	9492.35
156	2493.06	18131.6	9495.41
157	2501.73	18197.9	9498.47
158	2510.4	18264.2	9501.53
159	2519.07	18330.5	9504.59
160	2527.74	18396.8	9507.65
161	2536.41	18463.1	9510.71
162	2545.08	18529.4	9513.77
163	2553.75	18595.7	9516.83
164	2562.47	18662.1	9519.91
165	2571.18	18729	9522.98
166	2579.85	18795.3	9526.04
167	2588.52	18861.6	9529.1
168	2597.19	18927.9	9532.16
169	2605.86	18994.2	9535.22
170	2614.53	19060.5	9538.28
171	2623.2	19126.8	9541.34
172	2631.87	19193.1	9544.4
173	2640.54	19259.4	9547.46
174	2649.21	19325.7	9550.52
175	2657.93	19392	9553.6
176	2666.63	19458.9	9556.67
177	2675.3	19525.2	9559.73
178	2683.97	19591.5	9562.79
179	2692.64	19657.8	9565.85
180	2701.31	19724.1	9568.91
181	2709.98	19790.4	9571.97
182	2718.65	19856.7	9575.03
183	2727.36	19923.7	9578.11
184	2736.03	19990	9581.17
185	2744.75	20056.3	9584.24
186	2753.42	20122.6	9587.3
187	2762.09	20188.9	9590.36
188	2770.76	20255.2	9593.42
189	2779.43	20321.5	9596.48
190	2788.1	20387.8	9599.54
191	2796.8	20454.7	9602.62
192	2805.47	20521	9605.68
193	2814.14	20587.3	9608.74
194	2822.86	20653.6	9611.81
195	2828.93	20718.6	9614.25
196	2840.2	20786.2	9617.93
197	2848.87	20852.5	9620.99
198	2857.54	20918.8	9624.05
199	2866.21	20985.1	9627.11
200	2874.88	21051.4	9630.17
201	2883.59	21118.4	9633.25
202	2892.26	21184.7	9636.31
203	2900.98	21251	9639.38
204	2909.65	21317.3	9642.44
205	2918.32	21383.6	9645.5
206	2926.99	21449.9	9648.56
207	2935.66	21516.2	9651.62
208	2944.33	21582.5	9654.68
209	2953.08	21649.4	9657.77
210	2961.75	21715.7	9660.83
211	2970.42	21782	9663.89
212	2979.09	21848.3	9666.95
213	2987.76	21914.6	9670.01
214	2996.43	21980.9	9673.07
215	3005.1	22047.2	9676.13
216	3013.77	22113.5	9679.19
217	3022.44	22179.8	9682.25
218	3031.16	22246.2	9685.33
219	3039.83	22312.5	9688.39
220	3048.54	22379.4	9691.46
221	3057.21	22445.7	9694.52
222	3065.88	22512	9697.58
223	3074.55	22578.3	9700.64
224	3083.22	22644.6	9703.7
225	3091.89	22710.9	9706.76
226	3100.56	22777.2	9709.82
227	3109.23	22843.5	9712.88
228	3117.9	22909.8	9715.94
229	3126.57	22976.1	9719
230	3135.27	23043	9722.08
231	3143.99	23109.3	9725.15
232	3152.66	23175.6	9728.21
233	3161.33	23241.9	9731.27
234	3170	23308.2	9734.33
235	3178.67	23374.5	9737.39
236	3187.34	23440.8	9740.45
237	3196.01	23507.1	9743.51
238	3204.68	23573.4	9746.57
239	3213.35	23639.7	9749.63
240	3222.02	23706	9752.69
241	3230.74	23772.4	9755.77
242	3239.45	23839.3	9758.84
243	3248.12	23905.6	9761.9
244	3256.79	23971.9	9764.96
245	3265.46	24038.2	9768.02
246	3274.13	24104.5	9771.08
247	3282.8	24170.8	9774.14
248	3291.47	24237.1	9777.2
249	3300.14	24303.4	9780.26
250	3308.89	24370.3	9783.35
251	3317.56	24436.6	9786.41
252	3326.23	24502.9	9789.47
253	3334.9	24569.2	9792.53
254	3343.57	24635.5	9795.59
255	3352.24	24701.8	9798.65
256	3360.91	24768.1	9801.71
257	3369.58	24834.4	9804.77
258	3378.25	24900.7	9807.83
259	3386.92	24967	9810.89
260	3395.64	25033.4	9813.97
261	3404.31	25099.7	9817.03
262	3412.98	25166	9820.09
263	3421.65	25232.3	9823.15
264	3430.36	25299.2	9826.22
265	3439.03	25365.5	9829.28
266	3447.7	25431.8	9832.34
267	3456.37	25498.1	9835.4
268	3465.04	25564.4	9838.46
269	3473.71	25630.7	9841.52
270	3482.38	25697	9844.58
271	3491.1	25763.3	9847.66
272	3499.8	25830.2	9850.73
273	3508.47	25896.5	9853.79
274	3517.14	25962.8	9856.85
275	3525.81	26029.1	9859.91
276	3534.48	26095.4	9862.97
277	3543.15	26161.7	9866.03
278	3551.82	26228	9869.09
279	3560.49	26294.3	9872.15
280	3569.16	26360.6	9875.21
281	3577.83	26426.9	9878.27
282	3586.59	26493.9	9881.36
283	3595.26	26560.2	9884.42
284	3603.93	26626.5	9887.48
285	3612.6	26692.8	9890.54
286	3621.27	26759.1	9893.6
287	3629.94	26825.4	9896.66
288	3638.61	26891.7	9899.72
289	3647.28	26958	9902.78
290	3655.95	27024.3	9905.84
291	3664.62	27090.6	9908.9
292	3673.34	27156.9	9911.98
293	3682.04	27223.8	9915.05
294	3690.71	27290.1	9918.11
295	3699.38	27356.4	9921.17
296	3708.05	27422.7	9924.23
297	3716.72	27489	9927.29
298	3725.39	27555.3	9930.35
299	3734.06	27621.6	9933.41
300	3742.73	27687.9	9936.47
301	3751.4	27754.2	9939.53
302	3760.07	27820.5	9942.59
303	3768.74	27886.8	9945.65
304	3777.41	27953.1	9948.71
305	3786.12	28020.1	9951.79
306	3794.79	28086.4	9954.85
307	3803.51	28152.7	9957.92
308	3812.18	28219	9960.98
309	3820.85	28285.3	9964.04
310	3829.52	28351.6	9967.1
311	3838.19	28417.9	9970.16
312	3846.86	28484.2	9973.22
313	3855.53	28550.5	9976.28
314	3864.16	28616.2	9979.33
315	3872.83	28682.5	9982.39
316	3881.5	28748.8	9985.45
317	3890.12	28815	9988.49
318	3898.84	28881.4	9991.57
319	3907.51	28947.7	9994.63
320	3916.18	29014	9997.69
321	3924.85	29080.3	10000.7
322	3933.47	29146.5	10003.8
323	3942.14	29212.8	10006.9
324	3950.81	29279.1	10009.9
325	3959.48	29345.4	10013
326	3968.15	29411.7	10016
327	3976.82	29478	10019.1
328	3985.49	29544.3	10022.2
329	3994.16	29610.6	10025.2
330	4002.83	29676.9	10028.3
331	4011.5	29743.2	10031.3
332	4020.17	29809.5	10034.4
333	4028.84	29875.8	10037.5
334	4037.51	29942.1	10040.5
335	4046.18	30008.4	10043.6
336	4054.85	30074.7	10046.6
337	4063.52	30141	10049.7
338	4072.19	30207.3	10052.8
339	4080.86	30273.6	10055.8
340	4089.53	30339.9	10058.9
341	4098.2	30406.2	10061.9
342	4106.87	30472.5	10065
343	4115.54	30538.8	10068.1
344	4124.21	30605.1	10071.1
345	4132.88	30671.4	10074.2
346	4141.55	30737.7	10077.2
347	4150.22	30804	10080.3
348	4158.89	30870.3	10083.4
349	4167.56	30936.6	10086.4
350	4176.23	31002.9	10089.5
351	4184.9	31069.2	10092.5
352	4193.57	31135.5	10095.6
353	4202.24	31201.8	10098.7
354	4210.91	31268.1	10101.7
355	4219.58	31334.4	10104.8
356	4228.25	31400.7	10107.8
357	4236.92	31467	10110.9
358	4245.59	31533.3	10114
359	4254.26	31599.6	10117
360	4262.93	31665.9	10120.1
361	4271.6	31732.2	10123.1
362	4280.27	31798.5	10126.2
363	4288.94	31864.8	10129.3
364	4297.61	31931.1	10132.3
365	4306.28	31997.4	10135.4
366	4314.95	32063.7	10138.4
367	4323.62	32130	10141.5
368	4332.29	32196.3	10144.6
369	4340.96	32262.6	10147.6
370	4349.63	32328.9	10150.7
371	4358.3	32395.2	10153.7
372	4366.97	32461.5	10156.8
373	4375.64	32527.8	10159.9
374	4384.31	32594.1	10162.9
375	4392.98	32660.4	10166
376	4401.65	32726.7	10169
377	4410.32	32793	10172.1
378	4418.99	32859.3	10175.2
379	4427.66	32925.6	10178.2
380	4436.33	32991.9	10181.3
381	4445	33058.2	10184.3
382	4453.67	33124.5	10187.4
383	4462.34	33190.8	10190.5
384	4471.01	33257.1	10193.5
385	4479.68	33323.4	10196.6
386	4488.35	33389.7	10199.6
387	4497.02	33456	10202.7
388	4505.69	33522.3	10205.8
389	4514.36	33588.6	10208.8
390	4523.03	33654.9	10211.9
391	4531.7	33721.2	10214.9
392	4540.37	33787.5	10218
393	4549.04	33853.8	10221.1
394	4557.71	33920.1	10224.1
395	4566.38	33986.4	10227.2
396	4575.05	34052.7	10230.2
397	4583.72	34119	10233.3
398	4592.39	34185.3	10236.4
399	4601.06	34251.6	10239.4
400	4609.73	34317.9	10242.5
401	4618.4	34384.2	10245.5
402	4627.07	34450.5	10248.6
403	4635.74	34516.8	10251.7
404	4644.41	34583.1	10254.7
405	4653.08	34649.4	10257.8
406	4661.75	34715.7	10260.8
407	4670.42	34782	10263.9
408	4679.09	34848.3	10267
409	4687.76	34914.6	10270
410	4696.43	34980.9	10273.1
411	4705.1	35047.2	10276.1
412	4713.77	35113.5	10279.2
413	4722.44	35179.8	10282.3
414	4731.11	35246.1	10285.3
415	4739.78	35312.4	10288.4
416	4748.45	35378.7	10291.4
417	4756.27	35438.5	10294.2
418	4756.27	35438.5	10294.2
419	4756.27	35438.5	10294.2
420	4756.27	35438.5	10294.2
421	4756.27	35438.5	10294.2
422	4756.27	35438.5	10294.2
423	4756.27	35438.5	10294.2
424	4756.27	35438.5	10294.2
425	4756.27	35438.5	10294.2
426	4756.27	35438.5	10294.2
427	4756.27	35438.5	10294.2
428	4756.27	35438.5	10294.2
