1	1	0.5	0.24
2	1.5	0.75	0.36
3	2	1	0.48
4	2.5	1.25	0.6
5	3	1.5	0.72
6	3.5	1.75	0.84
7	4	2	0.96
8	4.5	2.25	1.08
9	5	2.5	1.2
10	5.5	2.75	1.32
11	6	3	1.44
12	6.5	3.25	1.56
13	7	3.5	1.68
14	7.5	3.75	1.8
15	8	4	1.92
16	8.5	4.25	2.04
17	9	4.5	2.16
18	9.5	4.75	2.28
19	10	5	2.4
20	10.5	5.25	2.52
21	11	5.5	2.64
22	11.5	5.75	2.76
23	12	6	2.88
24	12.5	6.25	3
25	13	6.5	3.12
26	13.5	6.75	3.24
27	14	7	3.36
28	14.5	7.25	3.48
29	15	7.5	3.6
30	15.5	7.75	3.72
31	16	8	3.84
32	16.5	8.25	3.96
33	17	8.5	4.08
34	17.5	8.75	4.2
35	18	9	4.32
36	18.5	9.25	4.44
37	19	9.5	4.56
38	19.5	9.75	4.68
39	20	10	4.8
40	20.5	10.25	4.92
41	21	10.5	5.04
42	21.5	10.75	5.16
43	22	11	5.28
44	22.5	11.25	5.4
45	23	11.5	5.52
46	23.5	11.75	5.64
47	24	12	5.76
48	24.5	12.25	5.88
49	25	12.5	6
50	25.5	12.75	6.12
51	26	13	6.24
52	26.5	13.25	6.36
53	27	13.5	6.48
54	27.5	13.75	6.6
55	28	14	6.72
56	28.5	14.25	6.84
57	29	14.5	6.96
58	29.5	14.75	7.08
59	30	15	7.2
60	30.5	15.25	7.32
61	31	15.5	7.44
62	31.5	15.75	7.56
63	32	16	7.68
64	32.5	16.25	7.8
65	33	16.5	7.92
66	33.5	16.75	8.04
67	34	17	8.16
68	34.5	17.25	8.28
69	35	17.5	8.4
70	35.5	17.75	8.52
71	36	18	8.64
72	36.5	18.25	8.76
73	37	18.5	8.88
74	37.5	18.75	9
75	38	19	9.12
76	38.5	19.25	9.24
77	39	19.5	9.36
78	39.5	19.75	9.48
79	40	20	9.6
80	40.5	20.25	9.72
81	41	20.5	9.84
82	41.5	20.75	9.96
83	42	21	10.08
84	42.5	21.25	10.2
85	43	21.5	10.32
86	43.5	21.75	10.44
87	44	22	10.56
88	44.5	22.25	10.68
89	45	22.5	10.8
90	45.5	22.75	10.92
91	46	23	11.04
92	46.5	23.25	11.16
93	47	23.5	11.28
94	47.5	23.75	11.4
95	48	24	11.52
96	48.5	24.25	11.64
97	49	24.5	11.76
98	49.5	24.75	11.88
99	50	25	12
100	50.5	25.25	12.12
101	51	25.5	12.24
102	51.5	25.75	12.36
103	52	26	12.48
104	52.5	26.25	12.6
105	53	26.5	12.72
106	53.5	26.75	12.84
107	54	27	12.96
108	54.5	27.25	13.08
109	55	27.5	13.2
110	55.5	27.75	13.32
111	56	28	13.44
112	56.5	28.25	13.56
113	57	28.5	13.68
114	57.5	28.75	13.8
115	58	29	13.92
116	58.5	29.25	14.04
117	59	29.5	14.16
118	59.5	29.75	14.28
119	60	30	14.4
120	60.5	30.25	14.52
121	61	30.5	14.64
122	61.5	30.75	14.76
123	62	31	14.88
124	62.5	31.25	15
125	63	31.5	15.12
126	63.5	31.75	15.24
127	64	32	15.36
128	64.5	32.25	15.48
129	65	32.5	15.6
130	65.5	32.75	15.72
131	66	33	15.84
132	66.5	33.25	15.96
133	67	33.5	16.08
134	67.5	33.75	16.2
135	68	34	16.32
136	68.5	34.25	16.44
137	69	34.5	16.56
138	69.5	34.75	16.68
139	70	35	16.8
140	70.5	35.25	16.92
141	71	35.5	17.04
142	71.5	35.75	17.16
143	72	36	17.28
144	72.5	36.25	17.4
145	73	36.5	17.52
146	73.5	36.75	17.64
147	74	37	17.76
148	74.5	37.25	17.88
149	75	37.5	18
150	75.5	37.75	18.12
151	76	38	18.24
152	76.5	38.25	18.36
153	77	38.5	18.48
154	77.5	38.75	18.6
155	78	39	18.72
156	78.5	39.25	18.84
157	79	39.5	18.96
158	79.5	39.75	19.08
159	80	40	19.2
160	80.5	40.25	19.32
161	81	40.5	19.44
162	81.5	40.75	19.56
163	82	41	19.68
164	82.5	41.25	19.8
165	83	41.5	19.92
166	83.5	41.75	20.04
167	84	42	20.16
168	84.5	42.25	20.28
169	85	42.5	20.4
170	85.5	42.75	20.52
171	86	43	20.64
172	86.5	43.25	20.76
173	87	43.5	20.88
174	87.5	43.75	21
175	88	44	21.12
176	88.5	44.25	21.24
177	89	44.5	21.36
178	89.5	44.75	21.48
179	90	45	21.6
180	90.5	45.25	21.72
181	91	45.5	21.84
182	91.5	45.75	21.96
183	92	46	22.08
184	92.5	46.25	22.2
185	93	46.5	22.32
186	93.5	46.75	22.44
187	94	47	22.56
188	94.5	47.25	22.68
189	95	47.5	22.8
190	95.5	47.75	22.92
191	96	48	23.04
192	96.5	48.25	23.16
193	97	48.5	23.28
194	97.5	48.75	23.4
195	98	49	23.52
196	98.5	49.25	23.64
197	99	49.5	23.76
198	99.5	49.75	23.88
199	100	50	24
200	100.5	50.25	24.12
201	101	50.5	24.24
202	101.5	50.75	24.36
203	102	51	24.48
204	102.5	51.25	24.6
205	103	51.5	24.72
206	103.5	51.75	24.84
207	104	52	24.96
208	104.5	52.25	25.08
209	105	52.5	25.2
210	105.5	52.75	25.32
211	106	53	25.44
212	106.5	53.25	25.56
213	107	53.5	25.68
214	107.5	53.75	25.8
215	108	54	25.92
216	108.5	54.25	26.04
217	109	54.5	26.16
218	109.5	54.75	26.28
219	110	55	26.4
220	110.5	55.25	26.52
221	111	55.5	26.64
222	111.5	55.75	26.76
223	112	56	26.88
224	112.5	56.25	27
225	113	56.5	27.12
226	113.5	56.75	27.24
227	114	57	27.36
228	114.5	57.25	27.48
229	115	57.5	27.6
230	115.5	57.75	27.72
231	116	58	27.84
232	116.5	58.25	27.96
233	117	58.5	28.08
234	117.5	58.75	28.2
235	118	59	28.32
236	118.5	59.25	28.44
237	119	59.5	28.56
238	119.5	59.75	28.68
239	120	60	28.8
240	120.5	60.25	28.92
241	121	60.5	29.04
242	121.5	60.75	29.16
243	122	61	29.28
244	122.5	61.25	29.4
245	123	61.5	29.52
246	123.5	61.75	29.64
247	124	62	29.76
248	124.5	62.25	29.88
249	125	62.5	30
250	125.5	62.75	30.12
251	126	63	30.24
252	126.5	63.25	30.36
253	127	63.5	30.48
254	127.5	63.75	30.6
255	128	64	30.72
256	128.5	64.25	30.84
257	129	64.5	30.96
258	129.5	64.75	31.08
259	130	65	31.2
260	130.5	65.25	31.32
261	131	65.5	31.44
262	131.5	65.75	31.56
263	132	66	31.68
264	132.5	66.25	31.8
265	133	66.5	31.92
266	133.5	66.75	32.04
267	134	67	32.16
268	134.5	67.25	32.28
269	135	67.5	32.4
270	135.5	67.75	32.52
271	136	68	32.64
272	136.5	68.25	32.76
273	137	68.5	32.88
274	137.5	68.75	33
275	138	69	33.12
276	138.5	69.25	33.24
277	139	69.5	33.36
278	139.5	69.75	33.48
279	140	70	33.6
280	140.5	70.25	33.72
281	141	70.5	33.84
282	141.5	70.75	33.96
283	142	71	34.08
284	142.5	71.25	34.2
285	143	71.5	34.32
286	143.5	71.75	34.44
287	144	72	34.56
288	144.5	72.25	34.68
289	145	72.5	34.8
290	145.5	72.75	34.92
291	146	73	35.04
292	146.5	73.25	35.16
293	147	73.5	35.28
294	147.5	73.75	35.4
295	148	74	35.52
296	148.5	74.25	35.64
297	149	74.5	35.76
298	149.5	74.75	35.88
299	150	75	36
300	150.5	75.25	36.12
301	151	75.5	36.24
302	151.5	75.75	36.36
303	152	76	36.48
304	152.5	76.25	36.6
305	153	76.5	36.72
306	153.5	76.75	36.84
307	154	77	36.96
308	154.5	77.25	37.08
309	155	77.5	37.2
310	155.5	77.75	37.32
311	156	78	37.44
312	156.5	78.25	37.56
313	157	78.5	37.68
314	157.5	78.75	37.8
315	158	79	37.92
316	158.5	79.25	38.04
317	159	79.5	38.16
318	159.5	79.75	38.28
319	160	80	38.4
320	160.5	80.25	38.52
321	161	80.5	38.64
322	161.5	80.75	38.76
323	162	81	38.88
324	162.5	81.25	39
325	163	81.5	39.12
326	163.5	81.75	39.24
327	164	82	39.36
328	164.5	82.25	39.48
329	165	82.5	39.6
330	165.5	82.75	39.72
331	166	83	39.84
332	166.5	83.25	39.96
333	167	83.5	40.08
334	167.5	83.75	40.2
335	168	84	40.32
336	168.5	84.25	40.44
337	169	84.5	40.56
338	169.5	84.75	40.68
339	170	85	40.8
340	170.5	85.25	40.92
341	171	85.5	41.04
342	171.5	85.75	41.16
343	172	86	41.28
344	172.5	86.25	41.4
345	173	86.5	41.52
346	173.5	86.75	41.64
347	174	87	41.76
348	174.5	87.25	41.88
349	175	87.5	42
350	175.5	87.75	42.12
351	176	88	42.24
352	176.5	88.25	42.36
353	177	88.5	42.48
354	177.5	88.75	42.6
355	178	89	42.72
356	178.5	89.25	42.84
357	179	89.5	42.96
358	179.5	89.75	43.08
359	180	90	43.2
360	180.5	90.25	43.32
361	181	90.5	43.44
362	181.5	90.75	43.56
363	182	91	43.68
364	182.5	91.25	43.8
365	183	91.5	43.92
366	183.5	91.75	44.04
367	184	92	44.16
368	184.5	92.25	44.28
369	185	92.5	44.4
370	185.5	92.75	44.52
371	186	93	44.64
372	186.5	93.25	44.76
373	187	93.5	44.88
374	187.5	93.75	45
375	188	94	45.12
376	188.5	94.25	45.24
377	189	94.5	45.36
378	189.5	94.75	45.48
379	190	95	45.6
380	190.5	95.25	45.72
381	191	95.5	45.84
382	191.5	95.75	45.96
383	192	96	46.08
384	192.5	96.25	46.2
385	193	96.5	46.32
386	193.5	96.75	46.44
387	194	97	46.56
388	194.5	97.25	46.68
389	195	97.5	46.8
390	195.5	97.75	46.92
391	196	98	47.04
392	196.5	98.25	47.16
393	197	98.5	47.28
394	197.5	98.75	47.4
395	198	99	47.52
396	198.5	99.25	47.64
397	199	99.5	47.76
398	199.5	99.75	47.88
399	200	100	48
400	200.5	100.25	48.12
401	201	100.5	48.24
402	201.5	100.75	48.36
403	202	101	48.48
404	202.5	101.25	48.6
405	203	101.5	48.72
406	203.5	101.75	48.84
407	204	102	48.96
408	204.5	102.25	49.08
409	205	102.5	49.2
410	205.5	102.75	49.32
411	206	103	49.44
412	206.5	103.25	49.56
413	207	103.5	49.68
414	207.5	103.75	49.8
415	208	104	49.92
416	208.5	104.25	50.04
417	209	104.5	50.16
418	209.5	104.75	50.28
419	210	105	50.4
420	210.5	105.25	50.52
421	211	105.5	50.64
422	211.5	105.75	50.76
423	212	106	50.88
424	212.5	106.25	51
425	213	106.5	51.12
426	213.5	106.75	51.24
427	214	107	51.36
428	214.5	107.25	51.48
429	215	107.5	51.6
430	215.5	107.75	51.72
431	216	108	51.84
432	216.5	108.25	51.96
433	217	108.5	52.08
434	217.5	108.75	52.2
435	218	109	52.32
436	218.5	109.25	52.44
437	219	109.5	52.56
438	219.5	109.75	52.68
439	220	110	52.8
440	220.5	110.25	52.92
441	221	110.5	53.04
442	221.5	110.75	53.16
443	222	111	53.28
444	222.5	111.25	53.4
445	223	111.5	53.52
446	223.5	111.75	53.64
447	224	112	53.76
448	224.5	112.25	53.88
449	225	112.5	54
450	225.5	112.75	54.12
451	226	113	54.24
452	226.5	113.25	54.36
453	227	113.5	54.48
454	227.5	113.75	54.6
455	228	114	54.72
456	228.5	114.25	54.84
457	229	114.5	54.96
458	229.5	114.75	55.08
459	230	115	55.2
460	230.5	115.25	55.32
461	231	115.5	55.44
462	231.5	115.75	55.56
463	232	116	55.68
464	232.5	116.25	55.8
465	233	116.5	55.92
466	233.5	116.75	56.04
467	234	117	56.16
468	234.5	117.25	56.28
469	235	117.5	56.4
470	235.5	117.75	56.52
471	236	118	56.64
472	236.5	118.25	56.76
473	237	118.5	56.88
474	237.5	118.75	57
475	238	119	57.12
476	238.5	119.25	57.24
477	239	119.5	57.36
478	239.5	119.75	57.48
479	240	120	57.6
480	240.5	120.25	57.72
481	241	120.5	57.84
482	241.5	120.75	57.96
483	242	121	58.08
484	242.5	121.25	58.2
485	243	121.5	58.32
486	243.5	121.75	58.44
487	244	122	58.56
488	244.5	122.25	58.68
489	245	122.5	58.8
490	245.5	122.75	58.92
491	246	123	59.04
492	246.5	123.25	59.16
493	247	123.5	59.28
494	247.5	123.75	59.4
495	248	124	59.52
496	248.5	124.25	59.64
497	249	124.5	59.76
498	249.5	124.75	59.88
499	250	125	60
500	250.5	125.25	60.12
501	251	125.5	60.24
502	251.5	125.75	60.36
503	252	126	60.48
504	252.5	126.25	60.6
505	253	126.5	60.72
506	253.5	126.75	60.84
507	254	127	60.96
508	254.5	127.25	61.08
509	255	127.5	61.2
510	255.5	127.75	61.32
511	256	128	61.44
512	256.5	128.25	61.56
513	257	128.5	61.68
514	257.5	128.75	61.8
515	258	129	61.92
516	258.5	129.25	62.04
517	259	129.5	62.16
518	259.5	129.75	62.28
519	260	130	62.4
520	260.5	130.25	62.52
521	261	130.5	62.64
522	261.5	130.75	62.76
523	262	131	62.88
524	262.5	131.25	63
525	263	131.5	63.12
526	263.5	131.75	63.24
527	264	132	63.36
528	264.5	132.25	63.48
529	265	132.5	63.6
530	265.5	132.75	63.72
531	266	133	63.84
532	266.5	133.25	63.96
533	267	133.5	64.08
534	267.5	133.75	64.2
535	268	134	64.32
536	268.5	134.25	64.44
537	269	134.5	64.56
538	269.5	134.75	64.68
539	270	135	64.8
540	270.5	135.25	64.92
541	271	135.5	65.04
542	271.5	135.75	65.16
543	272	136	65.28
544	272.5	136.25	65.4
545	273	136.5	65.52
546	273.5	136.75	65.64
547	274	137	65.76
548	274.5	137.25	65.88
549	275	137.5	66
550	275.5	137.75	66.12
551	276	138	66.24
552	276.5	138.25	66.36
553	277	138.5	66.48
554	277.5	138.75	66.6
555	278	139	66.72
556	278.5	139.25	66.84
557	279	139.5	66.96
558	279.5	139.75	67.08
559	280	140	67.2
560	280.5	140.25	67.32
561	281	140.5	67.44
562	281.5	140.75	67.56
563	282	141	67.68
564	282.5	141.25	67.8
565	283	141.5	67.92
566	283.5	141.75	68.04
567	284	142	68.16
568	284.5	142.25	68.28
569	285	142.5	68.4
570	285.5	142.75	68.52
571	286	143	68.64
572	286.5	143.25	68.76
573	287	143.5	68.88
574	287.5	143.75	69
575	288	144	69.12
576	288.5	144.25	69.24
577	289	144.5	69.36
578	289.5	144.75	69.48
579	290	145	69.6
580	290.5	145.25	69.72
581	291	145.5	69.84
582	291.5	145.75	69.96
583	292	146	70.08
584	292.5	146.25	70.2
585	293	146.5	70.32
586	293.5	146.75	70.44
587	294	147	70.56
588	294.5	147.25	70.68
589	295	147.5	70.8
590	295.5	147.75	70.92
591	296	148	71.04
592	296.5	148.25	71.16
593	297	148.5	71.28
594	297.5	148.75	71.4
595	298	149	71.52
596	298.5	149.25	71.64
597	299	149.5	71.76
598	299.5	149.75	71.88
599	300	150	72
600	300.5	150.25	72.12
601	301	150.5	72.24
602	301.5	150.75	72.36
603	302	151	72.48
604	302.5	151.25	72.6
605	303	151.5	72.72
606	303.5	151.75	72.84
607	304	152	72.96
608	304.5	152.25	73.08
609	305	152.5	73.2
610	305.5	152.75	73.32
611	306	153	73.44
612	306.5	153.25	73.56
613	307	153.5	73.68
614	307.5	153.75	73.8
615	308	154	73.92
616	308.5	154.25	74.04
617	309	154.5	74.16
618	309.5	154.75	74.28
619	310	155	74.4
620	310.5	155.25	74.52
621	311	155.5	74.64
622	311.5	155.75	74.76
623	312	156	74.88
624	312.5	156.25	75
625	313	156.5	75.12
626	313.5	156.75	75.24
627	314	157	75.36
628	314.5	157.25	75.48
629	315	157.5	75.6
630	315.5	157.75	75.72
631	316	158	75.84
632	316.5	158.25	75.96
633	317	158.5	76.08
634	317.5	158.75	76.2
635	318	159	76.32
636	318.5	159.25	76.44
637	319	159.5	76.56
638	319.5	159.75	76.68
639	320	160	76.8
640	320.5	160.25	76.92
641	321	160.5	77.04
642	321.5	160.75	77.16
643	322	161	77.28
644	322.5	161.25	77.4
645	323	161.5	77.52
646	323.5	161.75	77.64
647	324	162	77.76
648	324.5	162.25	77.88
649	325	162.5	78
650	325.5	162.75	78.12
651	326	163	78.24
652	326.5	163.25	78.36
653	327	163.5	78.48
654	327.5	163.75	78.6
655	328	164	78.72
656	328.5	164.25	78.84
657	329	164.5	78.96
658	329.5	164.75	79.08
659	330	165	79.2
660	330.5	165.25	79.32
661	331	165.5	79.44
662	331.5	165.75	79.56
663	332	166	79.68
664	332.5	166.25	79.8
665	333	166.5	79.92
666	333.5	166.75	80.04
667	334	167	80.16
668	334.5	167.25	80.28
669	335	167.5	80.4
670	335.5	167.75	80.52
671	336	168	80.64
672	336.5	168.25	80.76
673	337	168.5	80.88
674	337.5	168.75	81
675	338	169	81.12
676	338.5	169.25	81.24
677	339	169.5	81.36
678	339.5	169.75	81.48
679	340	170	81.6
680	340.5	170.25	81.72
681	341	170.5	81.84
682	341.5	170.75	81.96
683	342	171	82.08
684	342.5	171.25	82.2
685	343	171.5	82.32
686	343.5	171.75	82.44
687	344	172	82.56
688	344.5	172.25	82.68
689	345	172.5	82.8
690	345.5	172.75	82.92
691	346	173	83.04
692	346.5	173.25	83.16
693	347	173.5	83.28
694	347.5	173.75	83.4
695	348	174	83.52
696	348.5	174.25	83.64
697	349	174.5	83.76
698	349.5	174.75	83.88
699	350	175	84
700	350.5	175.25	84.12
701	351	175.5	84.24
702	351.5	175.75	84.36
703	352	176	84.48
704	352.5	176.25	84.6
705	353	176.5	84.72
706	353.5	176.75	84.84
707	354	177	84.96
708	354.5	177.25	85.08
709	355	177.5	85.2
710	355.5	177.75	85.32
711	356	178	85.44
712	356.5	178.25	85.56
713	357	178.5	85.68
714	357.5	178.75	85.8
715	358	179	85.92
716	358.5	179.25	86.04
717	359	179.5	86.16
718	359.5	179.75	86.28
719	360	180	86.4
720	360.5	180.25	86.52
721	361	180.5	86.64
722	361.5	180.75	86.76
723	362	181	86.88
724	362.5	181.25	87
725	363	181.5	87.12
726	363.5	181.75	87.24
727	364	182	87.36
728	364.5	182.25	87.48
729	365	182.5	87.6
730	365.5	182.75	87.72
731	366	183	87.84
732	366.5	183.25	87.96
733	367	183.5	88.08
734	367.5	183.75	88.2
735	368	184	88.32
736	368.5	184.25	88.44
737	369	184.5	88.56
738	369.5	184.75	88.68
739	370	185	88.8
740	370.5	185.25	88.92
741	371	185.5	89.04
742	371.5	185.75	89.16
743	372	186	89.28
744	372.5	186.25	89.4
745	373	186.5	89.52
746	373.5	186.75	89.64
747	374	187	89.76
748	374.5	187.25	89.88
749	375	187.5	90
750	375.5	187.75	90.12
751	376	188	90.24
752	376.5	188.25	90.36
753	377	188.5	90.48
754	377.5	188.75	90.6
755	378	189	90.72
756	378.5	189.25	90.84
757	379	189.5	90.96
758	379.5	189.75	91.08
759	380	190	91.2
760	380.5	190.25	91.32
761	381	190.5	91.44
762	381.5	190.75	91.56
763	382	191	91.68
764	382.5	191.25	91.8
765	383	191.5	91.92
766	383.5	191.75	92.04
767	384	192	92.16
768	384.5	192.25	92.28
769	385	192.5	92.4
770	385.5	192.75	92.52
771	386	193	92.64
772	386.5	193.25	92.76
773	387	193.5	92.88
774	387.5	193.75	93
775	388	194	93.12
776	388.5	194.25	93.24
777	389	194.5	93.36
778	389.5	194.75	93.48
779	390	195	93.6
780	390.5	195.25	93.72
781	391	195.5	93.84
782	391.5	195.75	93.96
783	392	196	94.08
784	392.5	196.25	94.2
785	393	196.5	94.32
786	393.5	196.75	94.44
787	394	197	94.56
788	394.5	197.25	94.68
789	395	197.5	94.8
790	395.5	197.75	94.92
791	396	198	95.04
792	396.5	198.25	95.16
793	397	198.5	95.28
794	397.5	198.75	95.4
795	398	199	95.52
796	398.5	199.25	95.64
797	399	199.5	95.76
798	399.5	199.75	95.88
799	400	200	96
800	400.5	200.25	96.12
801	401	200.5	96.24
802	401.5	200.75	96.36
803	402	201	96.48
804	402.5	201.25	96.6
805	403	201.5	96.72
806	403.5	201.75	96.84
807	404	202	96.96
808	404.5	202.25	97.08
809	405	202.5	97.2
810	405.5	202.75	97.32
811	406	203	97.44
812	406.5	203.25	97.56
813	407	203.5	97.68
814	407.5	203.75	97.8
815	408	204	97.92
816	408.5	204.25	98.04
817	409	204.5	98.16
818	409.5	204.75	98.28
819	410	205	98.4
820	410.5	205.25	98.52
821	411	205.5	98.64
822	411.5	205.75	98.76
823	412	206	98.88
824	412.5	206.25	99
825	413	206.5	99.12
826	413.5	206.75	99.24
827	414	207	99.36
828	414.5	207.25	99.48
829	415	207.5	99.6
830	415.5	207.75	99.72
831	416	208	99.84
832	416.5	208.25	99.96
833	417	208.5	100.08
834	417.5	208.75	100.2
835	418	209	100.32
836	418.5	209.25	100.44
837	419	209.5	100.56
838	419.5	209.75	100.68
839	420	210	100.8
840	420.5	210.25	100.92
841	421	210.5	101.04
842	421.5	210.75	101.16
843	422	211	101.28
844	422.5	211.25	101.4
845	423	211.5	101.52
846	423.5	211.75	101.64
847	424	212	101.76
848	424.5	212.25	101.88
849	425	212.5	102
850	425.5	212.75	102.12
851	426	213	102.24
852	426.5	213.25	102.36
853	427	213.5	102.48
854	427.5	213.75	102.6
855	428	214	102.72
856	428.5	214.25	102.84
857	429	214.5	102.96
858	429.5	214.75	103.08
859	430	215	103.2
860	430.5	215.25	103.32
861	431	215.5	103.44
862	431.5	215.75	103.56
863	432	216	103.68
864	432.5	216.25	103.8
865	433	216.5	103.92
866	433.5	216.75	104.04
867	434	217	104.16
868	434.5	217.25	104.28
869	435	217.5	104.4
870	435.5	217.75	104.52
871	436	218	104.64
872	436.5	218.25	104.76
873	437	218.5	104.88
874	437.5	218.75	105
875	438	219	105.12
876	438.5	219.25	105.24
877	439	219.5	105.36
878	439.5	219.75	105.48
879	440	220	105.6
880	440.5	220.25	105.72
881	441	220.5	105.84
882	441.5	220.75	105.96
883	442	221	106.08
884	442.5	221.25	106.2
885	443	221.5	106.32
886	443.5	221.75	106.44
887	444	222	106.56
888	444.5	222.25	106.68
889	445	222.5	106.8
890	445.5	222.75	106.92
891	446	223	107.04
892	446.5	223.25	107.16
893	447	223.5	107.28
894	447.5	223.75	107.4
895	448	224	107.52
896	448.5	224.25	107.64
897	449	224.5	107.76
898	449.5	224.75	107.88
899	450	225	108
900	450.5	225.25	108.12
901	451	225.5	108.24
902	451.5	225.75	108.36
903	452	226	108.48
904	452.5	226.25	108.6
905	453	226.5	108.72
906	453.5	226.75	108.84
907	454	227	108.96
908	454.5	227.25	109.08
909	455	227.5	109.2
910	455.5	227.75	109.32
911	456	228	109.44
912	456.5	228.25	109.56
913	457	228.5	109.68
914	457.5	228.75	109.8
915	458	229	109.92
916	458.5	229.25	110.04
917	459	229.5	110.16
918	459.5	229.75	110.28
919	460	230	110.4
920	460.5	230.25	110.52
921	461	230.5	110.64
922	461.5	230.75	110.76
923	462	231	110.88
924	462.5	231.25	111
925	463	231.5	111.12
926	463.5	231.75	111.24
927	464	232	111.36
928	464.5	232.25	111.48
929	465	232.5	111.6
930	465.5	232.75	111.72
931	466	233	111.84
932	466.5	233.25	111.96
933	467	233.5	112.08
934	467.5	233.75	112.2
935	468	234	112.32
936	468.5	234.25	112.44
937	469	234.5	112.56
938	469.5	234.75	112.68
939	470	235	112.8
940	470.5	235.25	112.92
941	471	235.5	113.04
942	471.5	235.75	113.16
943	472	236	113.28
944	472.5	236.25	113.4
945	473	236.5	113.52
946	473.5	236.75	113.64
947	474	237	113.76
948	474.5	237.25	113.88
949	475	237.5	114
950	475.5	237.75	114.12
951	476	238	114.24
952	476.5	238.25	114.36
953	477	238.5	114.48
954	477.5	238.75	114.6
955	478	239	114.72
956	478.5	239.25	114.84
957	479	239.5	114.96
958	479.5	239.75	115.08
959	480	240	115.2
960	480.5	240.25	115.32
961	481	240.5	115.44
962	481.5	240.75	115.56
963	482	241	115.68
964	482.5	241.25	115.8
965	483	241.5	115.92
966	483.5	241.75	116.04
967	484	242	116.16
968	484.5	242.25	116.28
969	485	242.5	116.4
970	485.5	242.75	116.52
971	486	243	116.64
972	486.5	243.25	116.76
973	487	243.5	116.88
974	487.5	243.75	117
975	488	244	117.12
976	488.5	244.25	117.24
977	489	244.5	117.36
978	489.5	244.75	117.48
979	490	245	117.6
980	490.5	245.25	117.72
981	491	245.5	117.84
982	491.5	245.75	117.96
983	492	246	118.08
984	492.5	246.25	118.2
985	493	246.5	118.32
986	493.5	246.75	118.44
987	494	247	118.56
988	494.5	247.25	118.68
989	495	247.5	118.8
990	495.5	247.75	118.92
991	496	248	119.04
992	496.5	248.25	119.16
993	497	248.5	119.28
994	497.5	248.75	119.4
995	498	249	119.52
996	498.5	249.25	119.64
997	499	249.5	119.76
998	499.5	249.75	119.88
999	500	250	120
