1	1	0.5	0.24
2	1.55	0.775	0.372
3	2.05	1.025	0.492
4	2.55	1.275	0.612
5	3.05	1.525	0.732
6	3.55	1.775	0.852
7	4.05	2.025	0.972
8	4.55	2.275	1.092
9	5.1	2.55	1.224
10	5.6	2.8	1.344
11	6.1	3.05	1.464
12	6.6	3.3	1.584
13	7.1	3.55	1.704
14	7.6	3.8	1.824
15	8.1	4.05	1.944
16	8.6	4.3	2.064
17	9.15	4.575	2.196
18	9.65	4.825	2.316
19	10.15	5.075	2.436
20	10.65	5.325	2.556
21	11.15	5.575	2.676
22	11.65	5.825	2.796
23	12.15	6.075	2.916
24	12.7	6.35	3.048
25	13.2	6.6	3.168
26	13.7	6.85	3.288
27	14.2	7.1	3.408
28	14.7	7.35	3.528
29	15.2	7.6	3.648
30	15.7	7.85	3.768
31	16.25	8.125	3.9
32	16.75	8.375	4.02
33	17.25	8.625	4.14
34	17.75	8.875	4.26
35	18.25	9.125	4.38
36	18.75	9.375	4.5
37	19.25	9.625	4.62
38	19.8	9.9	4.752
39	20.3	10.15	4.872
40	20.8	10.4	4.992
41	21.3	10.65	5.112
42	21.8	10.9	5.232
43	22.3	11.15	5.352
44	22.8	11.4	5.472
45	23.35	11.675	5.604
46	23.85	11.925	5.724
47	24.35	12.175	5.844
48	24.85	12.425	5.964
49	25.35	12.675	6.084
50	25.85	12.925	6.204
51	26.35	13.175	6.324
52	26.85	13.425	6.444
53	27.4	13.7	6.576
54	27.9	13.95	6.696
55	28.4	14.2	6.816
56	28.9	14.45	6.936
57	29.4	14.7	7.056
58	29.9	14.95	7.176
59	30.45	15.225	7.308
60	30.95	15.475	7.428
61	31.45	15.725	7.548
62	31.95	15.975	7.668
63	32.45	16.225	7.788
64	32.95	16.475	7.908
65	33.45	16.725	8.028
66	33.95	16.975	8.148
67	34.5	17.25	8.28
68	35	17.5	8.4
69	35.5	17.75	8.52
70	36	18	8.64
71	36.5	18.25	8.76
72	37	18.5	8.88
73	37.5	18.75	9
74	38.05	19.025	9.132
75	38.55	19.275	9.252
76	39.05	19.525	9.372
77	39.55	19.775	9.492
78	40.05	20.025	9.612
79	40.55	20.275	9.732
80	41.05	20.525	9.852
81	41.6	20.8	9.984
82	42.1	21.05	10.104
83	42.6	21.3	10.224
84	43.1	21.55	10.344
85	43.6	21.8	10.464
86	44.1	22.05	10.584
87	44.6	22.3	10.704
88	45.1	22.55	10.824
89	45.65	22.825	10.956
90	46.15	23.075	11.076
91	46.65	23.325	11.196
92	47.15	23.575	11.316
93	47.65	23.825	11.436
94	48.15	24.075	11.556
95	48.65	24.325	11.676
96	49.2	24.6	11.808
97	49.7	24.85	11.928
98	50.2	25.1	12.048
99	50.7	25.35	12.168
100	51.2	25.6	12.288
101	51.7	25.85	12.408
102	52.2	26.1	12.528
103	52.7	26.35	12.648
104	53.25	26.625	12.78
105	53.75	26.875	12.9
106	54.25	27.125	13.02
107	54.75	27.375	13.14
108	55.25	27.625	13.26
109	55.75	27.875	13.38
110	56.25	28.125	13.5
111	56.8	28.4	13.632
112	57.3	28.65	13.752
113	57.8	28.9	13.872
114	58.3	29.15	13.992
115	58.8	29.4	14.112
116	59.3	29.65	14.232
117	59.85	29.925	14.364
118	60.35	30.175	14.484
119	60.85	30.425	14.604
120	61.35	30.675	14.724
121	61.85	30.925	14.844
122	62.35	31.175	14.964
123	62.9	31.45	15.096
124	63.4	31.7	15.216
125	63.9	31.95	15.336
126	64.4	32.2	15.456
127	64.9	32.45	15.576
128	65.4	32.7	15.696
129	65.9	32.95	15.816
130	66.4	33.2	15.936
131	66.95	33.475	16.068
132	67.45	33.725	16.188
133	67.95	33.975	16.308
134	68.45	34.225	16.428
135	68.95	34.475	16.548
136	69.45	34.725	16.668
137	69.95	34.975	16.788
138	70.5	35.25	16.92
139	71	35.5	17.04
140	71.5	35.75	17.16
141	72	36	17.28
142	72.5	36.25	17.4
143	73	36.5	17.52
144	73.5	36.75	17.64
145	74	37	17.76
146	74.55	37.275	17.892
147	75.05	37.525	18.012
148	75.55	37.775	18.132
149	76.05	38.025	18.252
150	76.55	38.275	18.372
151	77.05	38.525	18.492
152	77.55	38.775	18.612
153	78.05	39.025	18.732
154	78.6	39.3	18.864
155	79.1	39.55	18.984
156	79.6	39.8	19.104
157	80.1	40.05	19.224
158	80.6	40.3	19.344
159	81.1	40.55	19.464
160	81.6	40.8	19.584
161	82.15	41.075	19.716
162	82.65	41.325	19.836
163	83.15	41.575	19.956
164	83.65	41.825	20.076
165	84.15	42.075	20.196
166	84.65	42.325	20.316
167	85.15	42.575	20.436
168	85.65	42.825	20.556
169	86.2	43.1	20.688
170	86.7	43.35	20.808
171	87.2	43.6	20.928
172	87.7	43.85	21.048
173	88.2	44.1	21.168
174	88.7	44.35	21.288
175	89.2	44.6	21.408
176	89.7	44.85	21.528
177	90.25	45.125	21.66
178	90.75	45.375	21.78
179	91.25	45.625	21.9
180	91.75	45.875	22.02
181	92.25	46.125	22.14
182	92.75	46.375	22.26
183	93.25	46.625	22.38
184	93.8	46.9	22.512
185	94.3	47.15	22.632
186	94.8	47.4	22.752
187	95.3	47.65	22.872
188	95.8	47.9	22.992
189	96.3	48.15	23.112
190	96.8	48.4	23.232
191	97.3	48.65	23.352
192	97.85	48.925	23.484
193	98.35	49.175	23.604
194	98.85	49.425	23.724
195	99.35	49.675	23.844
196	99.85	49.925	23.964
197	100.35	50.175	24.084
198	100.85	50.425	24.204
199	101.4	50.7	24.336
200	101.9	50.95	24.456
201	102.4	51.2	24.576
202	102.9	51.45	24.696
203	103.4	51.7	24.816
204	103.9	51.95	24.936
205	104.4	52.2	25.056
206	104.9	52.45	25.176
207	105.45	52.725	25.308
208	105.95	52.975	25.428
209	106.45	53.225	25.548
210	106.95	53.475	25.668
211	107.45	53.725	25.788
212	107.95	53.975	25.908
213	108.45	54.225	26.028
214	108.95	54.475	26.148
215	109.5	54.75	26.28
216	110	55	26.4
217	110.5	55.25	26.52
218	111	55.5	26.64
219	111.5	55.75	26.76
220	112	56	26.88
221	112.5	56.25	27
222	113	56.5	27.12
223	113.55	56.775	27.252
224	114.05	57.025	27.372
225	114.55	57.275	27.492
226	115.05	57.525	27.612
227	115.55	57.775	27.732
228	116.05	58.025	27.852
229	116.55	58.275	27.972
230	117.1	58.55	28.104
231	117.6	58.8	28.224
232	118.1	59.05	28.344
233	118.6	59.3	28.464
234	119.1	59.55	28.584
235	119.6	59.8	28.704
236	120.1	60.05	28.824
237	120.6	60.3	28.944
238	121.15	60.575	29.076
239	121.65	60.825	29.196
240	122.15	61.075	29.316
241	122.65	61.325	29.436
242	123.15	61.575	29.556
243	123.65	61.825	29.676
244	124.15	62.075	29.796
245	124.65	62.325	29.916
246	125.2	62.6	30.048
247	125.7	62.85	30.168
248	126.2	63.1	30.288
249	126.7	63.35	30.408
250	127.2	63.6	30.528
251	127.7	63.85	30.648
252	128.2	64.1	30.768
253	128.75	64.375	30.9
254	129.25	64.625	31.02
255	129.75	64.875	31.14
256	130.25	65.125	31.26
257	130.75	65.375	31.38
258	131.25	65.625	31.5
259	131.75	65.875	31.62
260	132.25	66.125	31.74
261	132.8	66.4	31.872
262	133.3	66.65	31.992
263	133.8	66.9	32.112
264	134.3	67.15	32.232
265	134.8	67.4	32.352
266	135.3	67.65	32.472
267	135.8	67.9	32.592
268	136.3	68.15	32.712
269	136.85	68.425	32.844
270	137.35	68.675	32.964
271	137.85	68.925	33.084
272	138.35	69.175	33.204
273	138.85	69.425	33.324
274	139.4	69.7	33.456
275	139.9	69.95	33.576
276	140.4	70.2	33.696
277	140.9	70.45	33.816
278	141.4	70.7	33.936
279	141.9	70.95	34.056
280	142.45	71.225	34.188
281	142.95	71.475	34.308
282	143.45	71.725	34.428
283	143.95	71.975	34.548
284	144.45	72.225	34.668
285	145	72.5	34.8
286	145.5	72.75	34.92
287	146	73	35.04
288	146.5	73.25	35.16
289	147	73.5	35.28
290	147.55	73.775	35.412
291	148.05	74.025	35.532
292	148.55	74.275	35.652
293	149.05	74.525	35.772
294	149.55	74.775	35.892
295	150.1	75.05	36.024
296	150.6	75.3	36.144
297	151.1	75.55	36.264
298	151.6	75.8	36.384
299	152.1	76.05	36.504
300	152.65	76.325	36.636
301	153.15	76.575	36.756
302	153.65	76.825	36.876
303	154.15	77.075	36.996
304	154.7	77.35	37.128
305	155.2	77.6	37.248
306	155.7	77.85	37.368
307	156.2	78.1	37.488
308	156.7	78.35	37.608
309	157.25	78.625	37.74
310	157.75	78.875	37.86
311	158.25	79.125	37.98
312	158.75	79.375	38.1
313	159.25	79.625	38.22
314	159.8	79.9	38.352
315	160.3	80.15	38.472
316	160.8	80.4	38.592
317	161.3	80.65	38.712
318	161.8	80.9	38.832
319	162.35	81.175	38.964
320	162.85	81.425	39.084
321	163.35	81.675	39.204
322	163.85	81.925	39.324
323	164.35	82.175	39.444
324	164.9	82.45	39.576
325	165.4	82.7	39.696
326	165.9	82.95	39.816
327	166.4	83.2	39.936
328	166.9	83.45	40.056
329	167.45	83.725	40.188
330	167.95	83.975	40.308
331	168.45	84.225	40.428
332	168.95	84.475	40.548
333	169.45	84.725	40.668
334	170	85	40.8
335	170.5	85.25	40.92
336	171	85.5	41.04
337	171.5	85.75	41.16
338	172	86	41.28
339	172.55	86.275	41.412
340	173.05	86.525	41.532
341	173.55	86.775	41.652
342	174.05	87.025	41.772
343	174.55	87.275	41.892
344	175.1	87.55	42.024
345	175.6	87.8	42.144
346	176.1	88.05	42.264
347	176.6	88.3	42.384
348	177.1	88.55	42.504
349	177.65	88.825	42.636
350	178.15	89.075	42.756
351	178.65	89.325	42.876
352	179.15	89.575	42.996
353	179.7	89.85	43.128
354	180.2	90.1	43.248
355	180.7	90.35	43.368
356	181.2	90.6	43.488
357	181.7	90.85	43.608
358	182.25	91.125	43.74
359	182.75	91.375	43.86
360	183.25	91.625	43.98
361	183.75	91.875	44.1
362	184.25	92.125	44.22
363	184.8	92.4	44.352
364	185.3	92.65	44.472
365	185.8	92.9	44.592
366	186.3	93.15	44.712
367	186.8	93.4	44.832
368	187.35	93.675	44.964
369	187.85	93.925	45.084
370	188.35	94.175	45.204
371	188.85	94.425	45.324
372	189.35	94.675	45.444
373	189.9	94.95	45.576
374	190.4	95.2	45.696
375	190.9	95.45	45.816
376	191.4	95.7	45.936
377	191.9	95.95	46.056
378	192.45	96.225	46.188
379	192.95	96.475	46.308
380	193.45	96.725	46.428
381	193.95	96.975	46.548
382	194.5	97.25	46.68
383	195	97.5	46.8
384	195.5	97.75	46.92
385	196	98	47.04
386	196.5	98.25	47.16
387	197.05	98.525	47.292
388	197.55	98.775	47.412
389	198.05	99.025	47.532
390	198.55	99.275	47.652
391	199.05	99.525	47.772
392	199.6	99.8	47.904
393	200.1	100.05	48.024
394	200.6	100.3	48.144
395	201.1	100.55	48.264
396	201.6	100.8	48.384
397	202.15	101.075	48.516
398	202.65	101.325	48.636
399	203.15	101.575	48.756
400	203.65	101.825	48.876
401	204.2	102.1	49.008
402	204.7	102.35	49.128
403	205.2	102.6	49.248
404	205.7	102.85	49.368
405	206.2	103.1	49.488
406	206.75	103.375	49.62
407	207.25	103.625	49.74
408	207.75	103.875	49.86
409	208.25	104.125	49.98
410	208.75	104.375	50.1
411	209.3	104.65	50.232
412	209.8	104.9	50.352
413	210.3	105.15	50.472
414	210.8	105.4	50.592
415	211.3	105.65	50.712
416	211.85	105.925	50.844
417	212.35	106.175	50.964
418	212.85	106.425	51.084
419	213.35	106.675	51.204
420	213.9	106.95	51.336
421	214.4	107.2	51.456
422	214.9	107.45	51.576
423	215.4	107.7	51.696
424	215.9	107.95	51.816
425	216.45	108.225	51.948
426	216.95	108.475	52.068
427	217.45	108.725	52.188
428	217.95	108.975	52.308
429	218.45	109.225	52.428
430	219	109.5	52.56
431	219.5	109.75	52.68
432	220	110	52.8
433	220.5	110.25	52.92
434	221	110.5	53.04
435	221.55	110.775	53.172
436	222.05	111.025	53.292
437	222.55	111.275	53.412
438	223.05	111.525	53.532
439	223.55	111.775	53.652
440	224.1	112.05	53.784
441	224.6	112.3	53.904
442	225.1	112.55	54.024
443	225.6	112.8	54.144
444	226.1	113.05	54.264
445	226.65	113.325	54.396
446	227.15	113.575	54.516
447	227.65	113.825	54.636
448	228.15	114.075	54.756
449	228.7	114.35	54.888
450	229.2	114.6	55.008
451	229.7	114.85	55.128
452	230.2	115.1	55.248
453	230.7	115.35	55.368
454	231.25	115.625	55.5
455	231.75	115.875	55.62
456	232.25	116.125	55.74
457	232.75	116.375	55.86
458	233.25	116.625	55.98
459	233.8	116.9	56.112
460	234.3	117.15	56.232
461	234.8	117.4	56.352
462	235.3	117.65	56.472
463	235.8	117.9	56.592
464	236.35	118.175	56.724
465	236.85	118.425	56.844
466	237.35	118.675	56.964
467	237.85	118.925	57.084
468	238.35	119.175	57.204
469	238.9	119.45	57.336
470	239.4	119.7	57.456
471	239.9	119.95	57.576
472	240.4	120.2	57.696
473	240.95	120.475	57.828
474	241.45	120.725	57.948
475	241.95	120.975	58.068
476	242.45	121.225	58.188
477	242.95	121.475	58.308
478	243.5	121.75	58.44
479	244	122	58.56
480	244.5	122.25	58.68
481	245	122.5	58.8
482	245.5	122.75	58.92
483	246.05	123.025	59.052
484	246.55	123.275	59.172
485	247.05	123.525	59.292
486	247.55	123.775	59.412
487	248.05	124.025	59.532
488	248.6	124.3	59.664
489	249.1	124.55	59.784
490	249.6	124.8	59.904
491	250.1	125.05	60.024
492	250.6	125.3	60.144
493	251.15	125.575	60.276
494	251.65	125.825	60.396
495	252.15	126.075	60.516
496	252.65	126.325	60.636
497	253.15	126.575	60.756
498	253.7	126.85	60.888
499	254.2	127.1	61.008
500	254.7	127.35	61.128
501	255.2	127.6	61.248
502	255.75	127.875	61.38
503	256.25	128.125	61.5
504	256.75	128.375	61.62
505	257.25	128.625	61.74
506	257.75	128.875	61.86
507	258.3	129.15	61.992
508	258.8	129.4	62.112
509	259.3	129.65	62.232
510	259.8	129.9	62.352
511	260.3	130.15	62.472
512	260.85	130.425	62.604
513	261.35	130.675	62.724
514	261.85	130.925	62.844
515	262.35	131.175	62.964
516	262.85	131.425	63.084
517	263.4	131.7	63.216
518	263.9	131.95	63.336
519	264.4	132.2	63.456
520	264.9	132.45	63.576
521	265.4	132.7	63.696
522	265.95	132.975	63.828
523	266.45	133.225	63.948
524	266.95	133.475	64.068
525	267.45	133.725	64.188
526	267.95	133.975	64.308
527	268.45	134.225	64.428
528	269	134.5	64.56
529	269.5	134.75	64.68
530	270	135	64.8
531	270.5	135.25	64.92
532	271	135.5	65.04
533	271.5	135.75	65.16
534	272	136	65.28
535	272.55	136.275	65.412
536	273.05	136.525	65.532
537	273.55	136.775	65.652
538	274.05	137.025	65.772
539	274.55	137.275	65.892
540	275.05	137.525	66.012
541	275.55	137.775	66.132
542	276.1	138.05	66.264
543	276.6	138.3	66.384
544	277.1	138.55	66.504
545	277.6	138.8	66.624
546	278.1	139.05	66.744
547	278.6	139.3	66.864
548	279.1	139.55	66.984
549	279.65	139.825	67.116
550	280.15	140.075	67.236
551	280.65	140.325	67.356
552	281.15	140.575	67.476
553	281.65	140.825	67.596
554	282.15	141.075	67.716
555	282.65	141.325	67.836
556	283.15	141.575	67.956
557	283.7	141.85	68.088
558	284.2	142.1	68.208
559	284.7	142.35	68.328
560	285.2	142.6	68.448
561	285.7	142.85	68.568
562	286.2	143.1	68.688
563	286.7	143.35	68.808
564	287.2	143.6	68.928
565	287.75	143.875	69.06
566	288.25	144.125	69.18
567	288.75	144.375	69.3
568	289.25	144.625	69.42
569	289.75	144.875	69.54
570	290.25	145.125	69.66
571	290.75	145.375	69.78
572	291.3	145.65	69.912
573	291.8	145.9	70.032
574	292.3	146.15	70.152
575	292.8	146.4	70.272
576	293.3	146.65	70.392
577	293.8	146.9	70.512
578	294.3	147.15	70.632
579	294.8	147.4	70.752
580	295.35	147.675	70.884
581	295.85	147.925	71.004
582	296.35	148.175	71.124
583	296.85	148.425	71.244
584	297.35	148.675	71.364
585	297.85	148.925	71.484
586	298.35	149.175	71.604
587	298.85	149.425	71.724
588	299.4	149.7	71.856
589	299.9	149.95	71.976
590	300.4	150.2	72.096
591	300.9	150.45	72.216
592	301.4	150.7	72.336
593	301.9	150.95	72.456
594	302.4	151.2	72.576
595	302.95	151.475	72.708
596	303.45	151.725	72.828
597	303.95	151.975	72.948
598	304.45	152.225	73.068
599	304.95	152.475	73.188
600	305.45	152.725	73.308
601	305.95	152.975	73.428
602	306.45	153.225	73.548
603	307	153.5	73.68
604	307.5	153.75	73.8
605	308	154	73.92
606	308.5	154.25	74.04
607	309	154.5	74.16
608	309.5	154.75	74.28
609	310	155	74.4
610	310.5	155.25	74.52
611	311.05	155.525	74.652
612	311.55	155.775	74.772
613	312.05	156.025	74.892
614	312.55	156.275	75.012
615	313.05	156.525	75.132
616	313.55	156.775	75.252
617	314.05	157.025	75.372
618	314.55	157.275	75.492
619	315.1	157.55	75.624
620	315.6	157.8	75.744
621	316.1	158.05	75.864
622	316.6	158.3	75.984
623	317.1	158.55	76.104
624	317.6	158.8	76.224
625	318.1	159.05	76.344
626	318.65	159.325	76.476
627	319.15	159.575	76.596
628	319.65	159.825	76.716
629	320.15	160.075	76.836
630	320.65	160.325	76.956
631	321.15	160.575	77.076
632	321.65	160.825	77.196
633	322.15	161.075	77.316
634	322.7	161.35	77.448
635	323.2	161.6	77.568
636	323.7	161.85	77.688
637	324.2	162.1	77.808
638	324.7	162.35	77.928
639	325.2	162.6	78.048
640	325.7	162.85	78.168
641	326.25	163.125	78.3
642	326.75	163.375	78.42
643	327.25	163.625	78.54
644	327.75	163.875	78.66
645	328.25	164.125	78.78
646	328.75	164.375	78.9
647	329.25	164.625	79.02
648	329.75	164.875	79.14
649	330.3	165.15	79.272
650	330.8	165.4	79.392
651	331.3	165.65	79.512
652	331.8	165.9	79.632
653	332.3	166.15	79.752
654	332.8	166.4	79.872
655	333.3	166.65	79.992
656	333.8	166.9	80.112
657	334.35	167.175	80.244
658	334.85	167.425	80.364
659	335.35	167.675	80.484
660	335.85	167.925	80.604
661	336.35	168.175	80.724
662	336.85	168.425	80.844
663	337.35	168.675	80.964
664	337.9	168.95	81.096
665	338.4	169.2	81.216
666	338.9	169.45	81.336
667	339.4	169.7	81.456
668	339.9	169.95	81.576
669	340.4	170.2	81.696
670	340.9	170.45	81.816
671	341.4	170.7	81.936
672	341.95	170.975	82.068
673	342.45	171.225	82.188
674	342.95	171.475	82.308
675	343.45	171.725	82.428
676	343.95	171.975	82.548
677	344.45	172.225	82.668
678	344.95	172.475	82.788
679	345.45	172.725	82.908
680	346	173	83.04
681	346.5	173.25	83.16
682	347	173.5	83.28
683	347.5	173.75	83.4
684	348	174	83.52
685	348.5	174.25	83.64
686	349	174.5	83.76
687	349.5	174.75	83.88
688	350.05	175.025	84.012
689	350.55	175.275	84.132
690	351.05	175.525	84.252
691	351.55	175.775	84.372
692	352.05	176.025	84.492
693	352.55	176.275	84.612
694	353.05	176.525	84.732
695	353.6	176.8	84.864
696	354.1	177.05	84.984
697	354.6	177.3	85.104
698	355.1	177.55	85.224
699	355.6	177.8	85.344
700	356.1	178.05	85.464
701	356.6	178.3	85.584
702	357.1	178.55	85.704
703	357.65	178.825	85.836
704	358.15	179.075	85.956
705	358.65	179.325	86.076
706	359.15	179.575	86.196
707	359.65	179.825	86.316
708	360.15	180.075	86.436
709	360.65	180.325	86.556
710	361.2	180.6	86.688
711	361.7	180.85	86.808
712	362.2	181.1	86.928
713	362.7	181.35	87.048
714	363.2	181.6	87.168
715	363.7	181.85	87.288
716	364.2	182.1	87.408
717	364.7	182.35	87.528
718	365.25	182.625	87.66
719	365.75	182.875	87.78
720	366.25	183.125	87.9
721	366.75	183.375	88.02
722	367.25	183.625	88.14
723	367.75	183.875	88.26
724	368.25	184.125	88.38
725	368.75	184.375	88.5
726	369.3	184.65	88.632
727	369.8	184.9	88.752
728	370.3	185.15	88.872
729	370.8	185.4	88.992
730	371.3	185.65	89.112
731	371.8	185.9	89.232
732	372.3	186.15	89.352
733	372.8	186.4	89.472
734	373.35	186.675	89.604
735	373.85	186.925	89.724
736	374.35	187.175	89.844
737	374.85	187.425	89.964
738	375.35	187.675	90.084
739	375.85	187.925	90.204
740	376.35	188.175	90.324
741	376.9	188.45	90.456
742	377.4	188.7	90.576
743	377.9	188.95	90.696
744	378.4	189.2	90.816
745	378.9	189.45	90.936
746	379.4	189.7	91.056
747	379.9	189.95	91.176
748	380.4	190.2	91.296
749	380.95	190.475	91.428
750	381.45	190.725	91.548
751	381.95	190.975	91.668
752	382.45	191.225	91.788
753	382.95	191.475	91.908
754	383.45	191.725	92.028
755	383.95	191.975	92.148
756	384.45	192.225	92.268
757	385	192.5	92.4
758	385.5	192.75	92.52
759	386	193	92.64
760	386.5	193.25	92.76
761	387	193.5	92.88
762	387.55	193.775	93.012
763	388.05	194.025	93.132
764	388.55	194.275	93.252
765	389.05	194.525	93.372
766	389.55	194.775	93.492
767	390.1	195.05	93.624
768	390.6	195.3	93.744
769	391.1	195.55	93.864
770	391.6	195.8	93.984
771	392.15	196.075	94.116
772	392.65	196.325	94.236
773	393.15	196.575	94.356
774	393.65	196.825	94.476
775	394.15	197.075	94.596
776	394.7	197.35	94.728
777	395.2	197.6	94.848
778	395.7	197.85	94.968
779	396.2	198.1	95.088
780	396.7	198.35	95.208
781	397.25	198.625	95.34
782	397.75	198.875	95.46
783	398.25	199.125	95.58
784	398.75	199.375	95.7
785	399.25	199.625	95.82
786	399.8	199.9	95.952
787	400.3	200.15	96.072
788	400.8	200.4	96.192
789	401.3	200.65	96.312
790	401.85	200.925	96.444
791	402.35	201.175	96.564
792	402.85	201.425	96.684
793	403.35	201.675	96.804
794	403.85	201.925	96.924
795	404.4	202.2	97.056
796	404.9	202.45	97.176
797	405.4	202.7	97.296
798	405.9	202.95	97.416
799	406.4	203.2	97.536
800	406.95	203.475	97.668
801	407.45	203.725	97.788
802	407.95	203.975	97.908
803	408.45	204.225	98.028
804	408.95	204.475	98.148
805	409.5	204.75	98.28
806	410	205	98.4
807	410.5	205.25	98.52
808	411	205.5	98.64
809	411.5	205.75	98.76
810	412.05	206.025	98.892
811	412.55	206.275	99.012
812	413.05	206.525	99.132
813	413.55	206.775	99.252
814	414.05	207.025	99.372
815	414.6	207.3	99.504
816	415.1	207.55	99.624
817	415.6	207.8	99.744
818	416.1	208.05	99.864
819	416.65	208.325	99.996
820	417.15	208.575	100.116
821	417.65	208.825	100.236
822	418.15	209.075	100.356
823	418.65	209.325	100.476
824	419.2	209.6	100.608
825	419.7	209.85	100.728
826	420.2	210.1	100.848
827	420.7	210.35	100.968
828	421.2	210.6	101.088
829	421.75	210.875	101.22
830	422.25	211.125	101.34
831	422.75	211.375	101.46
832	423.25	211.625	101.58
833	423.75	211.875	101.7
834	424.3	212.15	101.832
835	424.8	212.4	101.952
836	425.3	212.65	102.072
837	425.8	212.9	102.192
838	426.3	213.15	102.312
839	426.85	213.425	102.444
840	427.35	213.675	102.564
841	427.85	213.925	102.684
842	428.35	214.175	102.804
843	428.9	214.45	102.936
844	429.4	214.7	103.056
845	429.9	214.95	103.176
846	430.4	215.2	103.296
847	430.9	215.45	103.416
848	431.45	215.725	103.548
849	431.95	215.975	103.668
850	432.45	216.225	103.788
851	432.95	216.475	103.908
852	433.45	216.725	104.028
853	434	217	104.16
854	434.5	217.25	104.28
855	435	217.5	104.4
856	435.5	217.75	104.52
857	436	218	104.64
858	436.55	218.275	104.772
859	437.05	218.525	104.892
860	437.55	218.775	105.012
861	438.05	219.025	105.132
862	438.6	219.3	105.264
863	439.1	219.55	105.384
864	439.6	219.8	105.504
865	440.1	220.05	105.624
866	440.6	220.3	105.744
867	441.15	220.575	105.876
868	441.65	220.825	105.996
869	442.15	221.075	106.116
870	442.65	221.325	106.236
871	443.15	221.575	106.356
872	443.7	221.85	106.488
873	444.2	222.1	106.608
874	444.7	222.35	106.728
875	445.2	222.6	106.848
876	445.7	222.85	106.968
877	446.25	223.125	107.1
878	446.75	223.375	107.22
879	447.25	223.625	107.34
880	447.75	223.875	107.46
881	448.3	224.15	107.592
882	448.8	224.4	107.712
883	449.3	224.65	107.832
884	449.8	224.9	107.952
885	450.3	225.15	108.072
886	450.85	225.425	108.204
887	451.35	225.675	108.324
888	451.85	225.925	108.444
889	452.35	226.175	108.564
890	452.85	226.425	108.684
891	453.4	226.7	108.816
892	453.9	226.95	108.936
893	454.4	227.2	109.056
894	454.9	227.45	109.176
895	455.4	227.7	109.296
896	455.95	227.975	109.428
897	456.45	228.225	109.548
898	456.95	228.475	109.668
899	457.45	228.725	109.788
900	458	229	109.92
901	458.5	229.25	110.04
902	459	229.5	110.16
903	459.5	229.75	110.28
904	460	230	110.4
905	460.55	230.275	110.532
906	461.05	230.525	110.652
907	461.55	230.775	110.772
908	462.05	231.025	110.892
909	462.55	231.275	111.012
910	463.1	231.55	111.144
911	463.6	231.8	111.264
912	464.1	232.05	111.384
913	464.6	232.3	111.504
914	465.1	232.55	111.624
915	465.65	232.825	111.756
916	466.15	233.075	111.876
917	466.65	233.325	111.996
918	467.15	233.575	112.116
919	467.65	233.825	112.236
920	468.2	234.1	112.368
921	468.7	234.35	112.488
922	469.2	234.6	112.608
923	469.7	234.85	112.728
924	470.25	235.125	112.86
925	470.75	235.375	112.98
926	471.25	235.625	113.1
927	471.75	235.875	113.22
928	472.25	236.125	113.34
929	472.8	236.4	113.472
930	473.3	236.65	113.592
931	473.8	236.9	113.712
932	474.3	237.15	113.832
933	474.8	237.4	113.952
934	475.35	237.675	114.084
935	475.85	237.925	114.204
936	476.35	238.175	114.324
937	476.85	238.425	114.444
938	477.35	238.675	114.564
939	477.9	238.95	114.696
940	478.4	239.2	114.816
941	478.9	239.45	114.936
942	479.4	239.7	115.056
943	479.9	239.95	115.176
944	480.45	240.225	115.308
945	480.95	240.475	115.428
946	481.45	240.725	115.548
947	481.95	240.975	115.668
948	482.5	241.25	115.8
949	483	241.5	115.92
950	483.5	241.75	116.04
951	484	242	116.16
952	484.5	242.25	116.28
953	485.05	242.525	116.412
954	485.55	242.775	116.532
955	486.05	243.025	116.652
956	486.55	243.275	116.772
957	487.05	243.525	116.892
958	487.6	243.8	117.024
959	488.1	244.05	117.144
960	488.6	244.3	117.264
961	489.1	244.55	117.384
962	489.6	244.8	117.504
963	490.15	245.075	117.636
964	490.65	245.325	117.756
965	491.15	245.575	117.876
966	491.65	245.825	117.996
967	492.15	246.075	118.116
968	492.7	246.35	118.248
969	493.2	246.6	118.368
970	493.7	246.85	118.488
971	494.2	247.1	118.608
972	494.75	247.375	118.74
973	495.25	247.625	118.86
974	495.75	247.875	118.98
975	496.25	248.125	119.1
976	496.75	248.375	119.22
977	497.3	248.65	119.352
978	497.8	248.9	119.472
979	498.3	249.15	119.592
980	498.8	249.4	119.712
981	499.3	249.65	119.832
982	499.85	249.925	119.964
983	500.35	250.175	120.084
984	500.85	250.425	120.204
985	501.35	250.675	120.324
986	501.85	250.925	120.444
987	502.4	251.2	120.576
988	502.9	251.45	120.696
989	503.4	251.7	120.816
990	503.9	251.95	120.936
991	504.45	252.225	121.068
992	504.95	252.475	121.188
993	505.45	252.725	121.308
994	505.95	252.975	121.428
995	506.45	253.225	121.548
996	507	253.5	121.68
997	507.5	253.75	121.8
998	508	254	121.92
999	508.5	254.25	122.04
1000	509	254.5	122.16
1001	509.55	254.775	122.292
1002	510.05	255.025	122.412
1003	510.55	255.275	122.532
1004	511.05	255.525	122.652
1005	511.55	255.775	122.772
1006	512.1	256.05	122.904
1007	512.6	256.3	123.024
1008	513.1	256.55	123.144
1009	513.6	256.8	123.264
1010	514.15	257.075	123.396
1011	514.65	257.325	123.516
1012	515.15	257.575	123.636
1013	515.65	257.825	123.756
1014	516.15	258.075	123.876
1015	516.7	258.35	124.008
1016	517.2	258.6	124.128
1017	517.7	258.85	124.248
1018	518.2	259.1	124.368
1019	518.7	259.35	124.488
1020	519.25	259.625	124.62
1021	519.75	259.875	124.74
1022	520.25	260.125	124.86
1023	520.75	260.375	124.98
1024	521.25	260.625	125.1
1025	521.8	260.9	125.232
1026	522.3	261.15	125.352
1027	522.8	261.4	125.472
1028	523.3	261.65	125.592
1029	523.85	261.925	125.724
1030	524.35	262.175	125.844
1031	524.85	262.425	125.964
1032	525.35	262.675	126.084
1033	525.85	262.925	126.204
1034	526.4	263.2	126.336
1035	526.9	263.45	126.456
1036	527.4	263.7	126.576
1037	527.9	263.95	126.696
1038	528.4	264.2	126.816
1039	528.95	264.475	126.948
1040	529.45	264.725	127.068
1041	529.95	264.975	127.188
1042	530.45	265.225	127.308
1043	530.95	265.475	127.428
1044	531.5	265.75	127.56
1045	532	266	127.68
1046	532.5	266.25	127.8
1047	533	266.5	127.92
1048	533.5	266.75	128.04
1049	534.05	267.025	128.172
1050	534.55	267.275	128.292
1051	535.05	267.525	128.412
1052	535.55	267.775	128.532
1053	536.05	268.025	128.652
1054	536.6	268.3	128.784
1055	537.1	268.55	128.904
1056	537.6	268.8	129.024
1057	538.1	269.05	129.144
1058	538.6	269.3	129.264
1059	539.15	269.575	129.396
1060	539.65	269.825	129.516
1061	540.15	270.075	129.636
1062	540.65	270.325	129.756
1063	541.2	270.6	129.888
1064	541.7	270.85	130.008
1065	542.2	271.1	130.128
1066	542.7	271.35	130.248
1067	543.2	271.6	130.368
1068	543.75	271.875	130.5
1069	544.25	272.125	130.62
1070	544.75	272.375	130.74
1071	545.25	272.625	130.86
1072	545.75	272.875	130.98
1073	546.3	273.15	131.112
1074	546.8	273.4	131.232
1075	547.3	273.65	131.352
1076	547.8	273.9	131.472
1077	548.3	274.15	131.592
1078	548.85	274.425	131.724
1079	549.35	274.675	131.844
1080	549.85	274.925	131.964
1081	550.35	275.175	132.084
1082	550.9	275.45	132.216
1083	551.4	275.7	132.336
1084	551.9	275.95	132.456
1085	552.4	276.2	132.576
1086	552.9	276.45	132.696
1087	553.45	276.725	132.828
1088	553.95	276.975	132.948
1089	554.45	277.225	133.068
1090	554.95	277.475	133.188
1091	555.45	277.725	133.308
1092	556	278	133.44
1093	556.5	278.25	133.56
1094	557	278.5	133.68
1095	557.5	278.75	133.8
1096	558	279	133.92
1097	558.5	279.25	134.04
1098	559.05	279.525	134.172
1099	559.55	279.775	134.292
1100	560.05	280.025	134.412
1101	560.55	280.275	134.532
1102	561.1	280.55	134.664
1103	561.6	280.8	134.784
1104	562.1	281.05	134.904
1105	562.6	281.3	135.024
1106	563.1	281.55	135.144
1107	563.6	281.8	135.264
1108	564.15	282.075	135.396
1109	564.65	282.325	135.516
1110	565.15	282.575	135.636
1111	565.65	282.825	135.756
1112	566.15	283.075	135.876
1113	566.7	283.35	136.008
1114	567.2	283.6	136.128
1115	567.7	283.85	136.248
1116	568.2	284.1	136.368
1117	568.7	284.35	136.488
1118	569.25	284.625	136.62
1119	569.75	284.875	136.74
1120	570.25	285.125	136.86
1121	570.75	285.375	136.98
1122	571.25	285.625	137.1
1123	571.8	285.9	137.232
1124	572.3	286.15	137.352
1125	572.8	286.4	137.472
1126	573.3	286.65	137.592
1127	573.8	286.9	137.712
1128	574.35	287.175	137.844
1129	574.85	287.425	137.964
1130	575.35	287.675	138.084
1131	575.85	287.925	138.204
1132	576.35	288.175	138.324
1133	576.9	288.45	138.456
1134	577.4	288.7	138.576
1135	577.9	288.95	138.696
1136	578.4	289.2	138.816
1137	578.9	289.45	138.936
1138	579.4	289.7	139.056
1139	579.95	289.975	139.188
1140	580.45	290.225	139.308
1141	580.95	290.475	139.428
1142	581.45	290.725	139.548
1143	581.95	290.975	139.668
1144	582.5	291.25	139.8
1145	583	291.5	139.92
1146	583.5	291.75	140.04
1147	584	292	140.16
1148	584.5	292.25	140.28
1149	585.05	292.525	140.412
1150	585.55	292.775	140.532
1151	586.05	293.025	140.652
1152	586.55	293.275	140.772
1153	587.05	293.525	140.892
1154	587.55	293.775	141.012
1155	588.05	294.025	141.132
1156	588.55	294.275	141.252
1157	589.1	294.55	141.384
1158	589.6	294.8	141.504
1159	590.1	295.05	141.624
1160	590.6	295.3	141.744
1161	591.1	295.55	141.864
1162	591.6	295.8	141.984
1163	592.1	296.05	142.104
1164	592.6	296.3	142.224
1165	593.15	296.575	142.356
1166	593.65	296.825	142.476
1167	594.15	297.075	142.596
1168	594.65	297.325	142.716
1169	595.15	297.575	142.836
1170	595.65	297.825	142.956
1171	596.15	298.075	143.076
1172	596.7	298.35	143.208
1173	597.2	298.6	143.328
1174	597.7	298.85	143.448
1175	598.2	299.1	143.568
1176	598.7	299.35	143.688
1177	599.2	299.6	143.808
1178	599.7	299.85	143.928
1179	600.2	300.1	144.048
1180	600.75	300.375	144.18
1181	601.25	300.625	144.3
1182	601.75	300.875	144.42
1183	602.25	301.125	144.54
1184	602.75	301.375	144.66
1185	603.25	301.625	144.78
1186	603.75	301.875	144.9
1187	604.25	302.125	145.02
1188	604.75	302.375	145.14
1189	605.3	302.65	145.272
1190	605.8	302.9	145.392
1191	606.3	303.15	145.512
1192	606.8	303.4	145.632
1193	607.3	303.65	145.752
1194	607.8	303.9	145.872
1195	608.3	304.15	145.992
1196	608.8	304.4	146.112
1197	609.3	304.65	146.232
1198	609.85	304.925	146.364
1199	610.35	305.175	146.484
1200	610.85	305.425	146.604
1201	611.35	305.675	146.724
1202	611.85	305.925	146.844
1203	612.35	306.175	146.964
1204	612.85	306.425	147.084
1205	613.35	306.675	147.204
1206	613.9	306.95	147.336
1207	614.4	307.2	147.456
1208	614.9	307.45	147.576
1209	615.4	307.7	147.696
1210	615.9	307.95	147.816
1211	616.4	308.2	147.936
1212	616.9	308.45	148.056
1213	617.4	308.7	148.176
1214	617.9	308.95	148.296
1215	618.45	309.225	148.428
1216	618.95	309.475	148.548
1217	619.45	309.725	148.668
1218	619.95	309.975	148.788
1219	620.45	310.225	148.908
1220	620.95	310.475	149.028
1221	621.45	310.725	149.148
1222	621.95	310.975	149.268
1223	622.5	311.25	149.4
1224	623	311.5	149.52
1225	623.5	311.75	149.64
1226	624	312	149.76
1227	624.5	312.25	149.88
1228	625	312.5	150
1229	625.5	312.75	150.12
1230	626	313	150.24
1231	626.55	313.275	150.372
1232	627.05	313.525	150.492
1233	627.55	313.775	150.612
1234	628.05	314.025	150.732
1235	628.55	314.275	150.852
1236	629.05	314.525	150.972
1237	629.55	314.775	151.092
1238	630.05	315.025	151.212
1239	630.55	315.275	151.332
1240	631.1	315.55	151.464
1241	631.6	315.8	151.584
1242	632.1	316.05	151.704
1243	632.6	316.3	151.824
1244	633.1	316.55	151.944
1245	633.6	316.8	152.064
1246	634.1	317.05	152.184
1247	634.6	317.3	152.304
1248	635.15	317.575	152.436
1249	635.65	317.825	152.556
1250	636.15	318.075	152.676
1251	636.65	318.325	152.796
1252	637.15	318.575	152.916
1253	637.65	318.825	153.036
1254	638.15	319.075	153.156
1255	638.65	319.325	153.276
1256	639.15	319.575	153.396
1257	639.7	319.85	153.528
1258	640.2	320.1	153.648
1259	640.7	320.35	153.768
1260	641.2	320.6	153.888
1261	641.7	320.85	154.008
1262	642.2	321.1	154.128
1263	642.7	321.35	154.248
1264	643.2	321.6	154.368
1265	643.75	321.875	154.5
1266	644.25	322.125	154.62
1267	644.75	322.375	154.74
1268	645.25	322.625	154.86
1269	645.75	322.875	154.98
1270	646.25	323.125	155.1
1271	646.75	323.375	155.22
1272	647.25	323.625	155.34
1273	647.75	323.875	155.46
1274	648.3	324.15	155.592
1275	648.8	324.4	155.712
1276	649.3	324.65	155.832
1277	649.8	324.9	155.952
1278	650.3	325.15	156.072
1279	650.8	325.4	156.192
1280	651.3	325.65	156.312
1281	651.8	325.9	156.432
1282	652.35	326.175	156.564
1283	652.85	326.425	156.684
1284	653.35	326.675	156.804
1285	653.85	326.925	156.924
1286	654.35	327.175	157.044
1287	654.85	327.425	157.164
1288	655.35	327.675	157.284
1289	655.85	327.925	157.404
1290	656.35	328.175	157.524
1291	656.9	328.45	157.656
1292	657.4	328.7	157.776
1293	657.9	328.95	157.896
1294	658.4	329.2	158.016
1295	658.9	329.45	158.136
1296	659.4	329.7	158.256
1297	659.9	329.95	158.376
1298	660.4	330.2	158.496
1299	660.9	330.45	158.616
1300	661.45	330.725	158.748
1301	661.95	330.975	158.868
1302	662.45	331.225	158.988
1303	662.95	331.475	159.108
1304	663.45	331.725	159.228
1305	663.95	331.975	159.348
1306	664.45	332.225	159.468
1307	664.95	332.475	159.588
1308	665.5	332.75	159.72
1309	666	333	159.84
1310	666.5	333.25	159.96
1311	667	333.5	160.08
1312	667.5	333.75	160.2
1313	668	334	160.32
1314	668.5	334.25	160.44
1315	669	334.5	160.56
1316	669.5	334.75	160.68
1317	670.05	335.025	160.812
1318	670.55	335.275	160.932
1319	671.05	335.525	161.052
1320	671.55	335.775	161.172
1321	672.05	336.025	161.292
1322	672.55	336.275	161.412
1323	673.1	336.55	161.544
1324	673.6	336.8	161.664
1325	674.1	337.05	161.784
1326	674.6	337.3	161.904
1327	675.1	337.55	162.024
1328	675.6	337.8	162.144
1329	676.15	338.075	162.276
1330	676.65	338.325	162.396
1331	677.15	338.575	162.516
1332	677.65	338.825	162.636
1333	678.15	339.075	162.756
1334	678.65	339.325	162.876
1335	679.2	339.6	163.008
1336	679.7	339.85	163.128
1337	680.2	340.1	163.248
1338	680.7	340.35	163.368
1339	681.2	340.6	163.488
1340	681.75	340.875	163.62
1341	682.25	341.125	163.74
1342	682.75	341.375	163.86
1343	683.25	341.625	163.98
1344	683.75	341.875	164.1
1345	684.25	342.125	164.22
1346	684.8	342.4	164.352
1347	685.3	342.65	164.472
1348	685.8	342.9	164.592
1349	686.3	343.15	164.712
1350	686.85	343.425	164.844
1351	687.35	343.675	164.964
1352	687.85	343.925	165.084
1353	688.35	344.175	165.204
1354	688.85	344.425	165.324
1355	689.35	344.675	165.444
1356	689.9	344.95	165.576
1357	690.4	345.2	165.696
1358	690.9	345.45	165.816
1359	691.4	345.7	165.936
1360	691.9	345.95	166.056
1361	692.45	346.225	166.188
1362	692.95	346.475	166.308
1363	693.45	346.725	166.428
1364	693.95	346.975	166.548
1365	694.45	347.225	166.668
1366	695	347.5	166.8
1367	695.5	347.75	166.92
1368	696	348	167.04
1369	696.5	348.25	167.16
1370	697	348.5	167.28
1371	697.55	348.775	167.412
1372	698.05	349.025	167.532
1373	698.55	349.275	167.652
1374	699.05	349.525	167.772
1375	699.55	349.775	167.892
1376	700.1	350.05	168.024
1377	700.6	350.3	168.144
1378	701.1	350.55	168.264
1379	701.6	350.8	168.384
1380	702.1	351.05	168.504
1381	702.65	351.325	168.636
1382	703.15	351.575	168.756
1383	703.65	351.825	168.876
1384	704.15	352.075	168.996
1385	704.65	352.325	169.116
1386	705.2	352.6	169.248
1387	705.7	352.85	169.368
1388	706.2	353.1	169.488
1389	706.7	353.35	169.608
1390	707.2	353.6	169.728
1391	707.75	353.875	169.86
1392	708.25	354.125	169.98
1393	708.75	354.375	170.1
1394	709.25	354.625	170.22
1395	709.75	354.875	170.34
1396	710.3	355.15	170.472
1397	710.8	355.4	170.592
1398	711.3	355.65	170.712
1399	711.8	355.9	170.832
1400	712.3	356.15	170.952
1401	712.85	356.425	171.084
1402	713.35	356.675	171.204
1403	713.85	356.925	171.324
1404	714.35	357.175	171.444
1405	714.85	357.425	171.564
1406	715.4	357.7	171.696
1407	715.9	357.95	171.816
1408	716.4	358.2	171.936
1409	716.9	358.45	172.056
1410	717.4	358.7	172.176
1411	717.95	358.975	172.308
1412	718.45	359.225	172.428
1413	718.95	359.475	172.548
1414	719.45	359.725	172.668
1415	719.95	359.975	172.788
1416	720.45	360.225	172.908
1417	721	360.5	173.04
1418	721.5	360.75	173.16
1419	722	361	173.28
1420	722.5	361.25	173.4
1421	723	361.5	173.52
1422	723.55	361.775	173.652
1423	724.05	362.025	173.772
1424	724.55	362.275	173.892
1425	725.05	362.525	174.012
1426	725.55	362.775	174.132
1427	726.1	363.05	174.264
1428	726.6	363.3	174.384
1429	727.1	363.55	174.504
1430	727.6	363.8	174.624
1431	728.1	364.05	174.744
1432	728.65	364.325	174.876
1433	729.15	364.575	174.996
1434	729.65	364.825	175.116
1435	730.15	365.075	175.236
1436	730.65	365.325	175.356
1437	731.2	365.6	175.488
1438	731.7	365.85	175.608
1439	732.2	366.1	175.728
1440	732.7	366.35	175.848
1441	733.25	366.625	175.98
1442	733.75	366.875	176.1
1443	734.25	367.125	176.22
1444	734.75	367.375	176.34
1445	735.25	367.625	176.46
1446	735.8	367.9	176.592
1447	736.3	368.15	176.712
1448	736.8	368.4	176.832
1449	737.3	368.65	176.952
1450	737.8	368.9	177.072
1451	738.35	369.175	177.204
1452	738.85	369.425	177.324
1453	739.35	369.675	177.444
1454	739.85	369.925	177.564
1455	740.35	370.175	177.684
1456	740.9	370.45	177.816
1457	741.4	370.7	177.936
1458	741.9	370.95	178.056
1459	742.4	371.2	178.176
1460	742.9	371.45	178.296
1461	743.45	371.725	178.428
1462	743.95	371.975	178.548
1463	744.45	372.225	178.668
1464	744.95	372.475	178.788
1465	745.45	372.725	178.908
1466	746	373	179.04
1467	746.5	373.25	179.16
1468	747	373.5	179.28
1469	747.5	373.75	179.4
1470	748	374	179.52
1471	748.55	374.275	179.652
1472	749.05	374.525	179.772
1473	749.55	374.775	179.892
1474	750.05	375.025	180.012
1475	750.55	375.275	180.132
1476	751.1	375.55	180.264
1477	751.6	375.8	180.384
1478	752.1	376.05	180.504
1479	752.6	376.3	180.624
1480	753.1	376.55	180.744
1481	753.65	376.825	180.876
1482	754.15	377.075	180.996
1483	754.65	377.325	181.116
1484	755.15	377.575	181.236
1485	755.65	377.825	181.356
1486	756.2	378.1	181.488
1487	756.7	378.35	181.608
1488	757.2	378.6	181.728
1489	757.7	378.85	181.848
1490	758.2	379.1	181.968
1491	758.75	379.375	182.1
1492	759.25	379.625	182.22
1493	759.75	379.875	182.34
1494	760.25	380.125	182.46
1495	760.75	380.375	182.58
1496	761.3	380.65	182.712
1497	761.8	380.9	182.832
1498	762.3	381.15	182.952
1499	762.8	381.4	183.072
1500	763.3	381.65	183.192
1501	763.85	381.925	183.324
1502	764.35	382.175	183.444
1503	764.85	382.425	183.564
1504	765.35	382.675	183.684
1505	765.85	382.925	183.804
1506	766.4	383.2	183.936
1507	766.9	383.45	184.056
1508	767.4	383.7	184.176
1509	767.9	383.95	184.296
1510	768.4	384.2	184.416
1511	768.95	384.475	184.548
1512	769.45	384.725	184.668
1513	769.95	384.975	184.788
1514	770.45	385.225	184.908
1515	770.95	385.475	185.028
1516	771.5	385.75	185.16
1517	772	386	185.28
1518	772.5	386.25	185.4
1519	773	386.5	185.52
1520	773.5	386.75	185.64
1521	774	387	185.76
1522	774.5	387.25	185.88
1523	775.05	387.525	186.012
1524	775.55	387.775	186.132
1525	776.05	388.025	186.252
1526	776.55	388.275	186.372
1527	777.05	388.525	186.492
1528	777.6	388.8	186.624
1529	778.1	389.05	186.744
1530	778.6	389.3	186.864
1531	779.1	389.55	186.984
1532	779.6	389.8	187.104
1533	780.15	390.075	187.236
1534	780.65	390.325	187.356
1535	781.15	390.575	187.476
1536	781.65	390.825	187.596
1537	782.15	391.075	187.716
1538	782.7	391.35	187.848
1539	783.2	391.6	187.968
1540	783.7	391.85	188.088
1541	784.2	392.1	188.208
1542	784.7	392.35	188.328
1543	785.25	392.625	188.46
1544	785.75	392.875	188.58
1545	786.25	393.125	188.7
1546	786.75	393.375	188.82
1547	787.25	393.625	188.94
1548	787.8	393.9	189.072
1549	788.3	394.15	189.192
1550	788.8	394.4	189.312
1551	789.3	394.65	189.432
1552	789.8	394.9	189.552
1553	790.35	395.175	189.684
1554	790.85	395.425	189.804
1555	791.35	395.675	189.924
1556	791.85	395.925	190.044
1557	792.35	396.175	190.164
1558	792.9	396.45	190.296
1559	793.4	396.7	190.416
1560	793.9	396.95	190.536
1561	794.4	397.2	190.656
1562	794.9	397.45	190.776
1563	795.45	397.725	190.908
1564	795.95	397.975	191.028
1565	796.45	398.225	191.148
1566	796.95	398.475	191.268
1567	797.45	398.725	191.388
1568	798	399	191.52
1569	798.5	399.25	191.64
1570	799	399.5	191.76
1571	799.5	399.75	191.88
1572	800	400	192
1573	800.5	400.25	192.12
1574	801.05	400.525	192.252
1575	801.55	400.775	192.372
1576	802.05	401.025	192.492
1577	802.55	401.275	192.612
1578	803.05	401.525	192.732
1579	803.6	401.8	192.864
1580	804.1	402.05	192.984
1581	804.6	402.3	193.104
1582	805.1	402.55	193.224
1583	805.6	402.8	193.344
1584	806.15	403.075	193.476
1585	806.65	403.325	193.596
1586	807.15	403.575	193.716
1587	807.65	403.825	193.836
1588	808.15	404.075	193.956
1589	808.7	404.35	194.088
1590	809.2	404.6	194.208
1591	809.7	404.85	194.328
1592	810.2	405.1	194.448
1593	810.7	405.35	194.568
1594	811.25	405.625	194.7
1595	811.75	405.875	194.82
1596	812.25	406.125	194.94
1597	812.75	406.375	195.06
1598	813.25	406.625	195.18
1599	813.8	406.9	195.312
1600	814.3	407.15	195.432
1601	814.8	407.4	195.552
1602	815.3	407.65	195.672
1603	815.8	407.9	195.792
1604	816.35	408.175	195.924
1605	816.85	408.425	196.044
1606	817.35	408.675	196.164
1607	817.85	408.925	196.284
1608	818.35	409.175	196.404
1609	818.85	409.425	196.524
1610	819.4	409.7	196.656
1611	819.9	409.95	196.776
1612	820.4	410.2	196.896
1613	820.9	410.45	197.016
1614	821.4	410.7	197.136
1615	821.95	410.975	197.268
1616	822.45	411.225	197.388
1617	822.95	411.475	197.508
1618	823.45	411.725	197.628
1619	823.95	411.975	197.748
1620	824.5	412.25	197.88
1621	825	412.5	198
1622	825.5	412.75	198.12
1623	826	413	198.24
1624	826.5	413.25	198.36
1625	827.05	413.525	198.492
1626	827.55	413.775	198.612
1627	828.05	414.025	198.732
1628	828.55	414.275	198.852
1629	829.05	414.525	198.972
1630	829.6	414.8	199.104
1631	830.1	415.05	199.224
1632	830.6	415.3	199.344
1633	831.1	415.55	199.464
1634	831.6	415.8	199.584
1635	832.1	416.05	199.704
1636	832.65	416.325	199.836
1637	833.15	416.575	199.956
1638	833.65	416.825	200.076
1639	834.15	417.075	200.196
1640	834.65	417.325	200.316
1641	835.2	417.6	200.448
1642	835.7	417.85	200.568
1643	836.2	418.1	200.688
1644	836.7	418.35	200.808
1645	837.2	418.6	200.928
1646	837.75	418.875	201.06
1647	838.25	419.125	201.18
1648	838.75	419.375	201.3
1649	839.25	419.625	201.42
1650	839.75	419.875	201.54
1651	840.3	420.15	201.672
1652	840.8	420.4	201.792
1653	841.3	420.65	201.912
1654	841.8	420.9	202.032
1655	842.3	421.15	202.152
1656	842.85	421.425	202.284
1657	843.35	421.675	202.404
1658	843.85	421.925	202.524
1659	844.35	422.175	202.644
1660	844.85	422.425	202.764
1661	845.4	422.7	202.896
1662	845.9	422.95	203.016
1663	846.4	423.2	203.136
1664	846.9	423.45	203.256
1665	847.4	423.7	203.376
1666	847.95	423.975	203.508
1667	848.45	424.225	203.628
1668	848.95	424.475	203.748
1669	849.45	424.725	203.868
1670	849.95	424.975	203.988
1671	850.45	425.225	204.108
1672	851	425.5	204.24
1673	851.5	425.75	204.36
1674	852	426	204.48
1675	852.5	426.25	204.6
1676	853	426.5	204.72
1677	853.55	426.775	204.852
1678	854.05	427.025	204.972
1679	854.55	427.275	205.092
1680	855.05	427.525	205.212
1681	855.55	427.775	205.332
1682	856.1	428.05	205.464
1683	856.6	428.3	205.584
1684	857.1	428.55	205.704
1685	857.6	428.8	205.824
1686	858.1	429.05	205.944
1687	858.65	429.325	206.076
1688	859.15	429.575	206.196
1689	859.65	429.825	206.316
1690	860.15	430.075	206.436
1691	860.65	430.325	206.556
1692	861.2	430.6	206.688
1693	861.7	430.85	206.808
1694	862.2	431.1	206.928
1695	862.7	431.35	207.048
1696	863.2	431.6	207.168
1697	863.75	431.875	207.3
1698	864.25	432.125	207.42
1699	864.75	432.375	207.54
1700	865.25	432.625	207.66
1701	865.75	432.875	207.78
1702	866.3	433.15	207.912
1703	866.8	433.4	208.032
1704	867.3	433.65	208.152
1705	867.8	433.9	208.272
1706	868.3	434.15	208.392
1707	868.8	434.4	208.512
1708	869.35	434.675	208.644
1709	869.85	434.925	208.764
1710	870.35	435.175	208.884
1711	870.85	435.425	209.004
1712	871.35	435.675	209.124
1713	871.9	435.95	209.256
1714	872.4	436.2	209.376
1715	872.9	436.45	209.496
1716	873.4	436.7	209.616
1717	873.9	436.95	209.736
1718	874.45	437.225	209.868
1719	874.95	437.475	209.988
1720	875.45	437.725	210.108
1721	875.95	437.975	210.228
1722	876.45	438.225	210.348
1723	877	438.5	210.48
1724	877.5	438.75	210.6
1725	878	439	210.72
1726	878.5	439.25	210.84
1727	879	439.5	210.96
1728	879.55	439.775	211.092
1729	880.05	440.025	211.212
1730	880.55	440.275	211.332
1731	881.05	440.525	211.452
1732	881.55	440.775	211.572
1733	882.1	441.05	211.704
1734	882.6	441.3	211.824
1735	883.1	441.55	211.944
1736	883.6	441.8	212.064
1737	884.1	442.05	212.184
1738	884.65	442.325	212.316
1739	885.15	442.575	212.436
1740	885.65	442.825	212.556
1741	886.15	443.075	212.676
1742	886.65	443.325	212.796
1743	887.15	443.575	212.916
1744	887.7	443.85	213.048
1745	888.2	444.1	213.168
1746	888.7	444.35	213.288
1747	889.2	444.6	213.408
1748	889.7	444.85	213.528
1749	890.25	445.125	213.66
1750	890.75	445.375	213.78
1751	891.25	445.625	213.9
1752	891.75	445.875	214.02
1753	892.25	446.125	214.14
1754	892.8	446.4	214.272
1755	893.3	446.65	214.392
1756	893.8	446.9	214.512
1757	894.3	447.15	214.632
1758	894.8	447.4	214.752
1759	895.35	447.675	214.884
1760	895.85	447.925	215.004
1761	896.35	448.175	215.124
1762	896.85	448.425	215.244
1763	897.35	448.675	215.364
1764	897.9	448.95	215.496
1765	898.4	449.2	215.616
1766	898.9	449.45	215.736
1767	899.4	449.7	215.856
1768	899.9	449.95	215.976
1769	900.45	450.225	216.108
1770	900.95	450.475	216.228
1771	901.45	450.725	216.348
1772	901.95	450.975	216.468
1773	902.45	451.225	216.588
1774	903	451.5	216.72
1775	903.5	451.75	216.84
1776	904	452	216.96
1777	904.5	452.25	217.08
1778	905	452.5	217.2
1779	905.5	452.75	217.32
1780	906.05	453.025	217.452
1781	906.55	453.275	217.572
1782	907.05	453.525	217.692
1783	907.55	453.775	217.812
1784	908.05	454.025	217.932
1785	908.6	454.3	218.064
1786	909.1	454.55	218.184
1787	909.6	454.8	218.304
1788	910.1	455.05	218.424
1789	910.6	455.3	218.544
1790	911.15	455.575	218.676
1791	911.65	455.825	218.796
1792	912.15	456.075	218.916
1793	912.65	456.325	219.036
1794	913.15	456.575	219.156
1795	913.7	456.85	219.288
1796	914.2	457.1	219.408
1797	914.7	457.35	219.528
1798	915.2	457.6	219.648
1799	915.7	457.85	219.768
1800	916.25	458.125	219.9
1801	916.75	458.375	220.02
1802	917.25	458.625	220.14
1803	917.75	458.875	220.26
1804	918.25	459.125	220.38
1805	918.8	459.4	220.512
1806	919.3	459.65	220.632
1807	919.8	459.9	220.752
1808	920.3	460.15	220.872
1809	920.8	460.4	220.992
1810	921.35	460.675	221.124
1811	921.85	460.925	221.244
1812	922.35	461.175	221.364
1813	922.85	461.425	221.484
1814	923.35	461.675	221.604
1815	923.85	461.925	221.724
1816	924.4	462.2	221.856
1817	924.9	462.45	221.976
1818	925.4	462.7	222.096
1819	925.9	462.95	222.216
1820	926.4	463.2	222.336
1821	926.95	463.475	222.468
1822	927.45	463.725	222.588
1823	927.95	463.975	222.708
1824	928.45	464.225	222.828
1825	928.95	464.475	222.948
1826	929.5	464.75	223.08
1827	930	465	223.2
1828	930.5	465.25	223.32
1829	931	465.5	223.44
1830	931.5	465.75	223.56
1831	932.05	466.025	223.692
1832	932.55	466.275	223.812
1833	933.05	466.525	223.932
1834	933.55	466.775	224.052
1835	934.05	467.025	224.172
1836	934.6	467.3	224.304
1837	935.1	467.55	224.424
1838	935.6	467.8	224.544
1839	936.1	468.05	224.664
1840	936.6	468.3	224.784
1841	937.15	468.575	224.916
1842	937.65	468.825	225.036
1843	938.15	469.075	225.156
1844	938.65	469.325	225.276
1845	939.15	469.575	225.396
1846	939.7	469.85	225.528
1847	940.2	470.1	225.648
1848	940.7	470.35	225.768
1849	941.2	470.6	225.888
1850	941.7	470.85	226.008
1851	942.25	471.125	226.14
1852	942.75	471.375	226.26
1853	943.25	471.625	226.38
1854	943.75	471.875	226.5
1855	944.25	472.125	226.62
1856	944.8	472.4	226.752
1857	945.3	472.65	226.872
1858	945.8	472.9	226.992
1859	946.3	473.15	227.112
1860	946.8	473.4	227.232
1861	947.3	473.65	227.352
1862	947.85	473.925	227.484
1863	948.35	474.175	227.604
1864	948.85	474.425	227.724
1865	949.35	474.675	227.844
1866	949.85	474.925	227.964
1867	950.4	475.2	228.096
1868	950.9	475.45	228.216
1869	951.4	475.7	228.336
1870	951.9	475.95	228.456
1871	952.4	476.2	228.576
1872	952.95	476.475	228.708
1873	953.45	476.725	228.828
1874	953.95	476.975	228.948
1875	954.45	477.225	229.068
1876	954.95	477.475	229.188
1877	955.5	477.75	229.32
1878	956	478	229.44
1879	956.5	478.25	229.56
1880	957	478.5	229.68
1881	957.5	478.75	229.8
1882	958.05	479.025	229.932
1883	958.55	479.275	230.052
1884	959.05	479.525	230.172
1885	959.55	479.775	230.292
1886	960.05	480.025	230.412
1887	960.6	480.3	230.544
1888	961.1	480.55	230.664
1889	961.6	480.8	230.784
1890	962.1	481.05	230.904
1891	962.6	481.3	231.024
1892	963.15	481.575	231.156
1893	963.65	481.825	231.276
1894	964.15	482.075	231.396
1895	964.65	482.325	231.516
1896	965.15	482.575	231.636
1897	965.65	482.825	231.756
1898	966.15	483.075	231.876
1899	966.7	483.35	232.008
1900	967.2	483.6	232.128
1901	967.7	483.85	232.248
1902	968.2	484.1	232.368
1903	968.7	484.35	232.488
1904	969.25	484.625	232.62
1905	969.75	484.875	232.74
1906	970.25	485.125	232.86
1907	970.75	485.375	232.98
1908	971.25	485.625	233.1
1909	971.8	485.9	233.232
1910	972.3	486.15	233.352
1911	972.8	486.4	233.472
1912	973.3	486.65	233.592
1913	973.8	486.9	233.712
1914	974.35	487.175	233.844
1915	974.85	487.425	233.964
1916	975.35	487.675	234.084
1917	975.85	487.925	234.204
1918	976.35	488.175	234.324
1919	976.9	488.45	234.456
1920	977.4	488.7	234.576
1921	977.9	488.95	234.696
1922	978.4	489.2	234.816
1923	978.9	489.45	234.936
1924	979.45	489.725	235.068
1925	979.95	489.975	235.188
1926	980.45	490.225	235.308
1927	980.95	490.475	235.428
1928	981.45	490.725	235.548
1929	982	491	235.68
1930	982.5	491.25	235.8
1931	983	491.5	235.92
1932	983.5	491.75	236.04
1933	984	492	236.16
1934	984.55	492.275	236.292
1935	985.05	492.525	236.412
1936	985.55	492.775	236.532
1937	986.05	493.025	236.652
1938	986.55	493.275	236.772
1939	987.05	493.525	236.892
1940	987.55	493.775	237.012
1941	988.05	494.025	237.132
1942	988.6	494.3	237.264
1943	989.1	494.55	237.384
1944	989.6	494.8	237.504
1945	990.1	495.05	237.624
1946	990.6	495.3	237.744
1947	991.1	495.55	237.864
1948	991.6	495.8	237.984
1949	992.15	496.075	238.116
1950	992.65	496.325	238.236
1951	993.15	496.575	238.356
1952	993.65	496.825	238.476
1953	994.15	497.075	238.596
1954	994.65	497.325	238.716
1955	995.15	497.575	238.836
1956	995.65	497.825	238.956
1957	996.2	498.1	239.088
1958	996.7	498.35	239.208
1959	997.2	498.6	239.328
1960	997.7	498.85	239.448
1961	998.2	499.1	239.568
1962	998.7	499.35	239.688
1963	999.2	499.6	239.808
1964	999.7	499.85	239.928
1965	1000.25	500.125	240.06
1966	1000.75	500.375	240.18
1967	1001.25	500.625	240.3
1968	1001.75	500.875	240.42
1969	1002.25	501.125	240.54
1970	1002.75	501.375	240.66
1971	1003.25	501.625	240.78
1972	1003.8	501.9	240.912
1973	1004.3	502.15	241.032
1974	1004.8	502.4	241.152
1975	1005.3	502.65	241.272
1976	1005.8	502.9	241.392
1977	1006.3	503.15	241.512
1978	1006.8	503.4	241.632
1979	1007.3	503.65	241.752
1980	1007.85	503.925	241.884
1981	1008.35	504.175	242.004
1982	1008.85	504.425	242.124
1983	1009.35	504.675	242.244
1984	1009.85	504.925	242.364
1985	1010.35	505.175	242.484
1986	1010.85	505.425	242.604
1987	1011.35	505.675	242.724
1988	1011.9	505.95	242.856
1989	1012.4	506.2	242.976
1990	1012.9	506.45	243.096
1991	1013.4	506.7	243.216
1992	1013.9	506.95	243.336
1993	1014.4	507.2	243.456
1994	1014.9	507.45	243.576
1995	1015.45	507.725	243.708
1996	1015.95	507.975	243.828
1997	1016.45	508.225	243.948
1998	1016.95	508.475	244.068
1999	1017.45	508.725	244.188
2000	1017.95	508.975	244.308
2001	1018.45	509.225	244.428
2002	1018.95	509.475	244.548
2003	1019.5	509.75	244.68
2004	1020	510	244.8
2005	1020.5	510.25	244.92
2006	1021	510.5	245.04
2007	1021.5	510.75	245.16
2008	1022	511	245.28
2009	1022.5	511.25	245.4
2010	1023	511.5	245.52
2011	1023.55	511.775	245.652
2012	1024.05	512.025	245.772
2013	1024.55	512.275	245.892
2014	1025.05	512.525	246.012
2015	1025.55	512.775	246.132
2016	1026.05	513.025	246.252
2017	1026.55	513.275	246.372
2018	1027.05	513.525	246.492
2019	1027.6	513.8	246.624
2020	1028.1	514.05	246.744
2021	1028.6	514.3	246.864
2022	1029.1	514.55	246.984
2023	1029.6	514.8	247.104
2024	1030.1	515.05	247.224
2025	1030.6	515.3	247.344
2026	1031.15	515.575	247.476
2027	1031.65	515.825	247.596
2028	1032.15	516.075	247.716
2029	1032.65	516.325	247.836
2030	1033.15	516.575	247.956
2031	1033.65	516.825	248.076
2032	1034.15	517.075	248.196
2033	1034.65	517.325	248.316
2034	1035.2	517.6	248.448
2035	1035.7	517.85	248.568
2036	1036.2	518.1	248.688
2037	1036.7	518.35	248.808
2038	1037.2	518.6	248.928
2039	1037.7	518.85	249.048
2040	1038.2	519.1	249.168
2041	1038.75	519.375	249.3
2042	1039.25	519.625	249.42
2043	1039.75	519.875	249.54
2044	1040.25	520.125	249.66
2045	1040.75	520.375	249.78
2046	1041.25	520.625	249.9
2047	1041.75	520.875	250.02
2048	1042.25	521.125	250.14
2049	1042.8	521.4	250.272
2050	1043.3	521.65	250.392
2051	1043.8	521.9	250.512
2052	1044.3	522.15	250.632
2053	1044.8	522.4	250.752
2054	1045.3	522.65	250.872
2055	1045.8	522.9	250.992
2056	1046.3	523.15	251.112
2057	1046.85	523.425	251.244
2058	1047.35	523.675	251.364
2059	1047.85	523.925	251.484
2060	1048.35	524.175	251.604
2061	1048.85	524.425	251.724
2062	1049.35	524.675	251.844
2063	1049.9	524.95	251.976
2064	1050.4	525.2	252.096
2065	1050.9	525.45	252.216
2066	1051.4	525.7	252.336
2067	1051.9	525.95	252.456
2068	1052.45	526.225	252.588
2069	1052.95	526.475	252.708
2070	1053.45	526.725	252.828
2071	1053.95	526.975	252.948
2072	1054.45	527.225	253.068
2073	1054.95	527.475	253.188
2074	1055.5	527.75	253.32
2075	1056	528	253.44
2076	1056.5	528.25	253.56
2077	1057	528.5	253.68
2078	1057.5	528.75	253.8
2079	1058.05	529.025	253.932
2080	1058.55	529.275	254.052
2081	1059.05	529.525	254.172
2082	1059.55	529.775	254.292
2083	1060.05	530.025	254.412
2084	1060.6	530.3	254.544
2085	1061.1	530.55	254.664
2086	1061.6	530.8	254.784
2087	1062.1	531.05	254.904
2088	1062.6	531.3	255.024
2089	1063.15	531.575	255.156
2090	1063.65	531.825	255.276
2091	1064.15	532.075	255.396
2092	1064.65	532.325	255.516
2093	1065.2	532.6	255.648
2094	1065.7	532.85	255.768
2095	1066.2	533.1	255.888
2096	1066.7	533.35	256.008
2097	1067.2	533.6	256.128
2098	1067.75	533.875	256.26
2099	1068.25	534.125	256.38
2100	1068.75	534.375	256.5
2101	1069.25	534.625	256.62
2102	1069.75	534.875	256.74
2103	1070.3	535.15	256.872
2104	1070.8	535.4	256.992
2105	1071.3	535.65	257.112
2106	1071.8	535.9	257.232
2107	1072.3	536.15	257.352
2108	1072.85	536.425	257.484
2109	1073.35	536.675	257.604
2110	1073.85	536.925	257.724
2111	1074.35	537.175	257.844
2112	1074.85	537.425	257.964
2113	1075.4	537.7	258.096
2114	1075.9	537.95	258.216
2115	1076.4	538.2	258.336
2116	1076.9	538.45	258.456
2117	1077.4	538.7	258.576
2118	1077.95	538.975	258.708
2119	1078.45	539.225	258.828
2120	1078.95	539.475	258.948
2121	1079.45	539.725	259.068
2122	1080	540	259.2
2123	1080.5	540.25	259.32
2124	1081	540.5	259.44
2125	1081.5	540.75	259.56
2126	1082	541	259.68
2127	1082.55	541.275	259.812
2128	1083.05	541.525	259.932
2129	1083.55	541.775	260.052
2130	1084.05	542.025	260.172
2131	1084.55	542.275	260.292
2132	1085.1	542.55	260.424
2133	1085.6	542.8	260.544
2134	1086.1	543.05	260.664
2135	1086.6	543.3	260.784
2136	1087.1	543.55	260.904
2137	1087.65	543.825	261.036
2138	1088.15	544.075	261.156
2139	1088.65	544.325	261.276
2140	1089.15	544.575	261.396
2141	1089.7	544.85	261.528
2142	1090.2	545.1	261.648
2143	1090.7	545.35	261.768
2144	1091.2	545.6	261.888
2145	1091.7	545.85	262.008
2146	1092.25	546.125	262.14
2147	1092.75	546.375	262.26
2148	1093.25	546.625	262.38
2149	1093.75	546.875	262.5
2150	1094.3	547.15	262.632
2151	1094.8	547.4	262.752
2152	1095.3	547.65	262.872
2153	1095.8	547.9	262.992
2154	1096.3	548.15	263.112
2155	1096.85	548.425	263.244
2156	1097.35	548.675	263.364
2157	1097.85	548.925	263.484
2158	1098.35	549.175	263.604
2159	1098.85	549.425	263.724
2160	1099.4	549.7	263.856
2161	1099.9	549.95	263.976
2162	1100.4	550.2	264.096
2163	1100.9	550.45	264.216
2164	1101.4	550.7	264.336
2165	1101.95	550.975	264.468
2166	1102.45	551.225	264.588
2167	1102.95	551.475	264.708
2168	1103.45	551.725	264.828
2169	1103.95	551.975	264.948
2170	1104.5	552.25	265.08
2171	1105	552.5	265.2
2172	1105.5	552.75	265.32
2173	1106	553	265.44
2174	1106.55	553.275	265.572
2175	1107.05	553.525	265.692
2176	1107.55	553.775	265.812
2177	1108.05	554.025	265.932
2178	1108.55	554.275	266.052
2179	1109.1	554.55	266.184
2180	1109.6	554.8	266.304
2181	1110.1	555.05	266.424
2182	1110.6	555.3	266.544
2183	1111.1	555.55	266.664
2184	1111.65	555.825	266.796
2185	1112.15	556.075	266.916
2186	1112.65	556.325	267.036
2187	1113.15	556.575	267.156
2188	1113.65	556.825	267.276
2189	1114.2	557.1	267.408
2190	1114.7	557.35	267.528
2191	1115.2	557.6	267.648
2192	1115.7	557.85	267.768
2193	1116.2	558.1	267.888
2194	1116.75	558.375	268.02
2195	1117.25	558.625	268.14
2196	1117.75	558.875	268.26
2197	1118.25	559.125	268.38
2198	1118.8	559.4	268.512
2199	1119.3	559.65	268.632
2200	1119.8	559.9	268.752
2201	1120.3	560.15	268.872
2202	1120.8	560.4	268.992
2203	1121.35	560.675	269.124
2204	1121.85	560.925	269.244
2205	1122.35	561.175	269.364
2206	1122.85	561.425	269.484
2207	1123.35	561.675	269.604
2208	1123.9	561.95	269.736
2209	1124.4	562.2	269.856
2210	1124.9	562.45	269.976
2211	1125.4	562.7	270.096
2212	1125.95	562.975	270.228
2213	1126.45	563.225	270.348
2214	1126.95	563.475	270.468
2215	1127.45	563.725	270.588
2216	1127.95	563.975	270.708
2217	1128.5	564.25	270.84
2218	1129	564.5	270.96
2219	1129.5	564.75	271.08
2220	1130	565	271.2
2221	1130.5	565.25	271.32
2222	1131.05	565.525	271.452
2223	1131.55	565.775	271.572
2224	1132.05	566.025	271.692
2225	1132.55	566.275	271.812
2226	1133.05	566.525	271.932
2227	1133.6	566.8	272.064
2228	1134.1	567.05	272.184
2229	1134.6	567.3	272.304
2230	1135.1	567.55	272.424
2231	1135.6	567.8	272.544
2232	1136.15	568.075	272.676
2233	1136.65	568.325	272.796
2234	1137.15	568.575	272.916
2235	1137.65	568.825	273.036
2236	1138.15	569.075	273.156
2237	1138.7	569.35	273.288
2238	1139.2	569.6	273.408
2239	1139.7	569.85	273.528
2240	1140.2	570.1	273.648
2241	1140.7	570.35	273.768
2242	1141.25	570.625	273.9
2243	1141.75	570.875	274.02
2244	1142.25	571.125	274.14
2245	1142.75	571.375	274.26
2246	1143.25	571.625	274.38
2247	1143.8	571.9	274.512
2248	1144.3	572.15	274.632
2249	1144.8	572.4	274.752
2250	1145.3	572.65	274.872
2251	1145.8	572.9	274.992
2252	1146.35	573.175	275.124
2253	1146.85	573.425	275.244
2254	1147.35	573.675	275.364
2255	1147.85	573.925	275.484
2256	1148.35	574.175	275.604
2257	1148.9	574.45	275.736
2258	1149.4	574.7	275.856
2259	1149.9	574.95	275.976
2260	1150.4	575.2	276.096
2261	1150.9	575.45	276.216
2262	1151.45	575.725	276.348
2263	1151.95	575.975	276.468
2264	1152.45	576.225	276.588
2265	1152.95	576.475	276.708
2266	1153.45	576.725	276.828
2267	1153.95	576.975	276.948
2268	1154.5	577.25	277.08
2269	1155	577.5	277.2
2270	1155.5	577.75	277.32
2271	1156	578	277.44
2272	1156.55	578.275	277.572
2273	1157.05	578.525	277.692
2274	1157.55	578.775	277.812
2275	1158.05	579.025	277.932
2276	1158.55	579.275	278.052
2277	1159.05	579.525	278.172
2278	1159.6	579.8	278.304
2279	1160.1	580.05	278.424
2280	1160.6	580.3	278.544
2281	1161.1	580.55	278.664
2282	1161.6	580.8	278.784
2283	1162.15	581.075	278.916
2284	1162.65	581.325	279.036
2285	1163.15	581.575	279.156
2286	1163.65	581.825	279.276
2287	1164.15	582.075	279.396
2288	1164.7	582.35	279.528
2289	1165.2	582.6	279.648
2290	1165.7	582.85	279.768
2291	1166.2	583.1	279.888
2292	1166.7	583.35	280.008
2293	1167.25	583.625	280.14
2294	1167.75	583.875	280.26
2295	1168.25	584.125	280.38
2296	1168.75	584.375	280.5
2297	1169.25	584.625	280.62
2298	1169.8	584.9	280.752
2299	1170.3	585.15	280.872
2300	1170.8	585.4	280.992
2301	1171.3	585.65	281.112
2302	1171.8	585.9	281.232
2303	1172.35	586.175	281.364
2304	1172.85	586.425	281.484
2305	1173.35	586.675	281.604
2306	1173.85	586.925	281.724
2307	1174.35	587.175	281.844
2308	1174.9	587.45	281.976
2309	1175.4	587.7	282.096
2310	1175.9	587.95	282.216
2311	1176.4	588.2	282.336
2312	1176.9	588.45	282.456
2313	1177.45	588.725	282.588
2314	1177.95	588.975	282.708
2315	1178.45	589.225	282.828
2316	1178.95	589.475	282.948
2317	1179.45	589.725	283.068
2318	1180	590	283.2
2319	1180.5	590.25	283.32
2320	1181	590.5	283.44
2321	1181.5	590.75	283.56
2322	1182	591	283.68
2323	1182.55	591.275	283.812
2324	1183.05	591.525	283.932
2325	1183.55	591.775	284.052
2326	1184.05	592.025	284.172
2327	1184.55	592.275	284.292
2328	1185.05	592.525	284.412
2329	1185.6	592.8	284.544
2330	1186.1	593.05	284.664
2331	1186.6	593.3	284.784
2332	1187.1	593.55	284.904
2333	1187.6	593.8	285.024
2334	1188.15	594.075	285.156
2335	1188.65	594.325	285.276
2336	1189.15	594.575	285.396
2337	1189.65	594.825	285.516
2338	1190.15	595.075	285.636
2339	1190.7	595.35	285.768
2340	1191.2	595.6	285.888
2341	1191.7	595.85	286.008
2342	1192.2	596.1	286.128
2343	1192.7	596.35	286.248
2344	1193.2	596.6	286.368
2345	1193.75	596.875	286.5
2346	1194.25	597.125	286.62
2347	1194.75	597.375	286.74
2348	1195.25	597.625	286.86
2349	1195.8	597.9	286.992
2350	1196.3	598.15	287.112
2351	1196.8	598.4	287.232
2352	1197.3	598.65	287.352
2353	1197.8	598.9	287.472
2354	1198.35	599.175	287.604
2355	1198.85	599.425	287.724
2356	1199.35	599.675	287.844
2357	1199.85	599.925	287.964
2358	1200.35	600.175	288.084
2359	1200.9	600.45	288.216
2360	1201.4	600.7	288.336
2361	1201.9	600.95	288.456
2362	1202.4	601.2	288.576
2363	1202.9	601.45	288.696
2364	1203.45	601.725	288.828
2365	1203.95	601.975	288.948
2366	1204.45	602.225	289.068
2367	1204.95	602.475	289.188
2368	1205.45	602.725	289.308
2369	1206	603	289.44
2370	1206.5	603.25	289.56
2371	1207	603.5	289.68
2372	1207.5	603.75	289.8
2373	1208.05	604.025	289.932
2374	1208.55	604.275	290.052
2375	1209.05	604.525	290.172
2376	1209.55	604.775	290.292
2377	1210.05	605.025	290.412
2378	1210.6	605.3	290.544
2379	1211.1	605.55	290.664
2380	1211.6	605.8	290.784
2381	1212.1	606.05	290.904
2382	1212.6	606.3	291.024
2383	1213.15	606.575	291.156
2384	1213.65	606.825	291.276
2385	1214.15	607.075	291.396
2386	1214.65	607.325	291.516
2387	1215.15	607.575	291.636
2388	1215.7	607.85	291.768
2389	1216.2	608.1	291.888
2390	1216.7	608.35	292.008
2391	1217.2	608.6	292.128
2392	1217.75	608.875	292.26
2393	1218.25	609.125	292.38
2394	1218.75	609.375	292.5
2395	1219.25	609.625	292.62
2396	1219.75	609.875	292.74
2397	1220.25	610.125	292.86
2398	1220.75	610.375	292.98
2399	1221.3	610.65	293.112
2400	1221.8	610.9	293.232
2401	1222.3	611.15	293.352
2402	1222.8	611.4	293.472
2403	1223.3	611.65	293.592
2404	1223.8	611.9	293.712
2405	1224.35	612.175	293.844
2406	1224.85	612.425	293.964
2407	1225.35	612.675	294.084
2408	1225.85	612.925	294.204
2409	1226.4	613.2	294.336
2410	1226.9	613.45	294.456
2411	1227.4	613.7	294.576
2412	1227.9	613.95	294.696
2413	1228.4	614.2	294.816
2414	1228.95	614.475	294.948
2415	1229.45	614.725	295.068
2416	1229.95	614.975	295.188
2417	1230.45	615.225	295.308
2418	1230.95	615.475	295.428
2419	1231.5	615.75	295.56
2420	1232	616	295.68
2421	1232.5	616.25	295.8
2422	1233	616.5	295.92
2423	1233.5	616.75	296.04
2424	1234.05	617.025	296.172
2425	1234.55	617.275	296.292
2426	1235.05	617.525	296.412
2427	1235.55	617.775	296.532
2428	1236.05	618.025	296.652
2429	1236.6	618.3	296.784
2430	1237.1	618.55	296.904
2431	1237.6	618.8	297.024
2432	1238.1	619.05	297.144
2433	1238.65	619.325	297.276
2434	1239.15	619.575	297.396
2435	1239.65	619.825	297.516
2436	1240.15	620.075	297.636
2437	1240.65	620.325	297.756
2438	1241.2	620.6	297.888
2439	1241.7	620.85	298.008
2440	1242.2	621.1	298.128
2441	1242.7	621.35	298.248
2442	1243.2	621.6	298.368
2443	1243.7	621.85	298.488
2444	1244.25	622.125	298.62
2445	1244.75	622.375	298.74
2446	1245.25	622.625	298.86
2447	1245.75	622.875	298.98
2448	1246.25	623.125	299.1
2449	1246.8	623.4	299.232
2450	1247.3	623.65	299.352
2451	1247.8	623.9	299.472
2452	1248.3	624.15	299.592
2453	1248.85	624.425	299.724
2454	1249.35	624.675	299.844
2455	1249.85	624.925	299.964
2456	1250.35	625.175	300.084
2457	1250.85	625.425	300.204
2458	1251.4	625.7	300.336
2459	1251.9	625.95	300.456
2460	1252.4	626.2	300.576
2461	1252.9	626.45	300.696
2462	1253.4	626.7	300.816
2463	1253.95	626.975	300.948
2464	1254.45	627.225	301.068
2465	1254.95	627.475	301.188
2466	1255.45	627.725	301.308
2467	1255.95	627.975	301.428
2468	1256.5	628.25	301.56
2469	1257	628.5	301.68
2470	1257.5	628.75	301.8
2471	1258	629	301.92
2472	1258.55	629.275	302.052
2473	1259.05	629.525	302.172
2474	1259.55	629.775	302.292
2475	1260.05	630.025	302.412
2476	1260.55	630.275	302.532
2477	1261.1	630.55	302.664
2478	1261.6	630.8	302.784
2479	1262.1	631.05	302.904
2480	1262.6	631.3	303.024
2481	1263.1	631.55	303.144
2482	1263.6	631.8	303.264
2483	1264.15	632.075	303.396
2484	1264.65	632.325	303.516
2485	1265.15	632.575	303.636
2486	1265.65	632.825	303.756
2487	1266.15	633.075	303.876
2488	1266.65	633.325	303.996
2489	1267.2	633.6	304.128
2490	1267.7	633.85	304.248
2491	1268.2	634.1	304.368
2492	1268.7	634.35	304.488
2493	1269.2	634.6	304.608
2494	1269.75	634.875	304.74
2495	1270.25	635.125	304.86
2496	1270.75	635.375	304.98
2497	1271.25	635.625	305.1
2498	1271.75	635.875	305.22
2499	1272.3	636.15	305.352
2500	1272.8	636.4	305.472
2501	1273.3	636.65	305.592
2502	1273.8	636.9	305.712
2503	1274.35	637.175	305.844
2504	1274.85	637.425	305.964
2505	1275.35	637.675	306.084
2506	1275.85	637.925	306.204
2507	1276.35	638.175	306.324
2508	1276.9	638.45	306.456
2509	1277.4	638.7	306.576
2510	1277.9	638.95	306.696
2511	1278.4	639.2	306.816
2512	1278.9	639.45	306.936
2513	1279.45	639.725	307.068
2514	1279.95	639.975	307.188
2515	1280.45	640.225	307.308
2516	1280.95	640.475	307.428
2517	1281.45	640.725	307.548
2518	1282	641	307.68
2519	1282.5	641.25	307.8
2520	1283	641.5	307.92
2521	1283.5	641.75	308.04
2522	1284.05	642.025	308.172
2523	1284.55	642.275	308.292
2524	1285.05	642.525	308.412
2525	1285.55	642.775	308.532
2526	1286.05	643.025	308.652
2527	1286.6	643.3	308.784
2528	1287.1	643.55	308.904
2529	1287.6	643.8	309.024
2530	1288.1	644.05	309.144
2531	1288.6	644.3	309.264
2532	1289.15	644.575	309.396
2533	1289.65	644.825	309.516
2534	1290.15	645.075	309.636
2535	1290.65	645.325	309.756
2536	1291.15	645.575	309.876
2537	1291.7	645.85	310.008
2538	1292.2	646.1	310.128
2539	1292.7	646.35	310.248
2540	1293.2	646.6	310.368
2541	1293.75	646.875	310.5
2542	1294.25	647.125	310.62
2543	1294.75	647.375	310.74
2544	1295.25	647.625	310.86
2545	1295.75	647.875	310.98
2546	1296.3	648.15	311.112
2547	1296.8	648.4	311.232
2548	1297.3	648.65	311.352
2549	1297.8	648.9	311.472
2550	1298.3	649.15	311.592
2551	1298.85	649.425	311.724
2552	1299.35	649.675	311.844
2553	1299.85	649.925	311.964
2554	1300.35	650.175	312.084
2555	1300.85	650.425	312.204
2556	1301.4	650.7	312.336
2557	1301.9	650.95	312.456
2558	1302.4	651.2	312.576
2559	1302.9	651.45	312.696
2560	1303.4	651.7	312.816
2561	1303.95	651.975	312.948
2562	1304.45	652.225	313.068
2563	1304.95	652.475	313.188
2564	1305.45	652.725	313.308
2565	1305.95	652.975	313.428
2566	1306.5	653.25	313.56
2567	1307	653.5	313.68
2568	1307.5	653.75	313.8
2569	1308	654	313.92
2570	1308.55	654.275	314.052
2571	1309.05	654.525	314.172
2572	1309.55	654.775	314.292
2573	1310.05	655.025	314.412
2574	1310.55	655.275	314.532
2575	1311.1	655.55	314.664
2576	1311.6	655.8	314.784
2577	1312.1	656.05	314.904
2578	1312.6	656.3	315.024
2579	1313.1	656.55	315.144
2580	1313.65	656.825	315.276
2581	1314.15	657.075	315.396
2582	1314.65	657.325	315.516
2583	1315.15	657.575	315.636
2584	1315.65	657.825	315.756
2585	1316.2	658.1	315.888
2586	1316.7	658.35	316.008
2587	1317.2	658.6	316.128
2588	1317.7	658.85	316.248
2589	1318.25	659.125	316.38
2590	1318.75	659.375	316.5
2591	1319.25	659.625	316.62
2592	1319.75	659.875	316.74
2593	1320.25	660.125	316.86
2594	1320.8	660.4	316.992
2595	1321.3	660.65	317.112
2596	1321.8	660.9	317.232
2597	1322.3	661.15	317.352
2598	1322.8	661.4	317.472
2599	1323.35	661.675	317.604
2600	1323.85	661.925	317.724
2601	1324.35	662.175	317.844
2602	1324.85	662.425	317.964
2603	1325.35	662.675	318.084
2604	1325.9	662.95	318.216
2605	1326.4	663.2	318.336
2606	1326.9	663.45	318.456
2607	1327.4	663.7	318.576
2608	1327.9	663.95	318.696
2609	1328.4	664.2	318.816
2610	1328.95	664.475	318.948
2611	1329.45	664.725	319.068
2612	1329.95	664.975	319.188
2613	1330.45	665.225	319.308
2614	1330.95	665.475	319.428
2615	1331.45	665.725	319.548
2616	1332	666	319.68
2617	1332.5	666.25	319.8
2618	1333	666.5	319.92
2619	1333.5	666.75	320.04
2620	1334	667	320.16
2621	1334.5	667.25	320.28
2622	1335.05	667.525	320.412
2623	1335.55	667.775	320.532
2624	1336.05	668.025	320.652
2625	1336.55	668.275	320.772
2626	1337.05	668.525	320.892
2627	1337.6	668.8	321.024
2628	1338.1	669.05	321.144
2629	1338.6	669.3	321.264
2630	1339.1	669.55	321.384
2631	1339.65	669.825	321.516
2632	1340.15	670.075	321.636
2633	1340.65	670.325	321.756
2634	1341.15	670.575	321.876
2635	1341.65	670.825	321.996
2636	1342.2	671.1	322.128
2637	1342.7	671.35	322.248
2638	1343.2	671.6	322.368
2639	1343.7	671.85	322.488
2640	1344.2	672.1	322.608
2641	1344.75	672.375	322.74
2642	1345.25	672.625	322.86
2643	1345.75	672.875	322.98
2644	1346.25	673.125	323.1
2645	1346.75	673.375	323.22
2646	1347.3	673.65	323.352
2647	1347.8	673.9	323.472
2648	1348.3	674.15	323.592
2649	1348.8	674.4	323.712
2650	1349.3	674.65	323.832
2651	1349.85	674.925	323.964
2652	1350.35	675.175	324.084
2653	1350.85	675.425	324.204
2654	1351.35	675.675	324.324
2655	1351.85	675.925	324.444
2656	1352.4	676.2	324.576
2657	1352.9	676.45	324.696
2658	1353.4	676.7	324.816
2659	1353.9	676.95	324.936
2660	1354.45	677.225	325.068
2661	1354.95	677.475	325.188
2662	1355.45	677.725	325.308
2663	1355.95	677.975	325.428
2664	1356.45	678.225	325.548
2665	1357	678.5	325.68
2666	1357.5	678.75	325.8
2667	1358	679	325.92
2668	1358.5	679.25	326.04
2669	1359	679.5	326.16
2670	1359.55	679.775	326.292
2671	1360.05	680.025	326.412
2672	1360.55	680.275	326.532
2673	1361.05	680.525	326.652
2674	1361.55	680.775	326.772
2675	1362.1	681.05	326.904
2676	1362.6	681.3	327.024
2677	1363.1	681.55	327.144
2678	1363.6	681.8	327.264
2679	1364.1	682.05	327.384
2680	1364.65	682.325	327.516
