1	1.1	0.55	0.264
2	1.6	0.8	0.384
3	2.1	1.05	0.504
4	2.6	1.3	0.624
5	3.1	1.55	0.744
6	3.65	1.825	0.876
7	4.15	2.075	0.996
8	4.65	2.325	1.116
9	5.15	2.575	1.236
10	5.7	2.85	1.368
11	6.2	3.1	1.488
12	6.7	3.35	1.608
13	7.2	3.6	1.728
14	7.7	3.85	1.848
15	8.2	4.1	1.968
16	8.75	4.375	2.1
17	9.25	4.625	2.22
18	9.75	4.875	2.34
19	10.25	5.125	2.46
20	10.8	5.4	2.592
21	11.3	5.65	2.712
22	11.8	5.9	2.832
23	12.3	6.15	2.952
24	12.8	6.4	3.072
25	13.35	6.675	3.204
26	13.85	6.925	3.324
27	14.35	7.175	3.444
28	14.85	7.425	3.564
29	15.4	7.7	3.696
30	15.9	7.95	3.816
31	16.4	8.2	3.936
32	16.9	8.45	4.056
33	17.4	8.7	4.176
34	17.95	8.975	4.308
35	18.45	9.225	4.428
36	18.95	9.475	4.548
37	19.45	9.725	4.668
38	19.95	9.975	4.788
39	20.5	10.25	4.92
40	21	10.5	5.04
41	21.5	10.75	5.16
42	22	11	5.28
43	22.5	11.25	5.4
44	23.05	11.525	5.532
45	23.55	11.775	5.652
46	24.05	12.025	5.772
47	24.55	12.275	5.892
48	25.1	12.55	6.024
49	25.6	12.8	6.144
50	26.1	13.05	6.264
51	26.6	13.3	6.384
52	27.1	13.55	6.504
53	27.65	13.825	6.636
54	28.15	14.075	6.756
55	28.65	14.325	6.876
56	29.15	14.575	6.996
57	29.65	14.825	7.116
58	30.2	15.1	7.248
59	30.7	15.35	7.368
60	31.2	15.6	7.488
61	31.7	15.85	7.608
62	32.25	16.125	7.74
63	32.75	16.375	7.86
64	33.25	16.625	7.98
65	33.75	16.875	8.1
66	34.25	17.125	8.22
67	34.8	17.4	8.352
68	35.3	17.65	8.472
69	35.8	17.9	8.592
70	36.3	18.15	8.712
71	36.85	18.425	8.844
72	37.35	18.675	8.964
73	37.85	18.925	9.084
74	38.35	19.175	9.204
75	38.85	19.425	9.324
76	39.4	19.7	9.456
77	39.9	19.95	9.576
78	40.4	20.2	9.696
79	40.9	20.45	9.816
80	41.45	20.725	9.948
81	41.95	20.975	10.068
82	42.45	21.225	10.188
83	42.95	21.475	10.308
84	43.45	21.725	10.428
85	44	22	10.56
86	44.5	22.25	10.68
87	45	22.5	10.8
88	45.5	22.75	10.92
89	46.05	23.025	11.052
90	46.55	23.275	11.172
91	47.05	23.525	11.292
92	47.55	23.775	11.412
93	48.05	24.025	11.532
94	48.6	24.3	11.664
95	49.1	24.55	11.784
96	49.6	24.8	11.904
97	50.1	25.05	12.024
98	50.6	25.3	12.144
99	51.15	25.575	12.276
100	51.65	25.825	12.396
101	52.15	26.075	12.516
102	52.65	26.325	12.636
103	53.15	26.575	12.756
104	53.7	26.85	12.888
105	54.2	27.1	13.008
106	54.7	27.35	13.128
107	55.2	27.6	13.248
108	55.75	27.875	13.38
109	56.25	28.125	13.5
110	56.75	28.375	13.62
111	57.25	28.625	13.74
112	57.75	28.875	13.86
113	58.3	29.15	13.992
114	58.8	29.4	14.112
115	59.3	29.65	14.232
116	59.8	29.9	14.352
117	60.3	30.15	14.472
118	60.85	30.425	14.604
119	61.35	30.675	14.724
120	61.85	30.925	14.844
121	62.35	31.175	14.964
122	62.85	31.425	15.084
123	63.4	31.7	15.216
124	63.9	31.95	15.336
125	64.4	32.2	15.456
126	64.9	32.45	15.576
127	65.45	32.725	15.708
128	65.95	32.975	15.828
129	66.45	33.225	15.948
130	66.95	33.475	16.068
131	67.5	33.75	16.2
132	68	34	16.32
133	68.5	34.25	16.44
134	69	34.5	16.56
135	69.5	34.75	16.68
136	70.05	35.025	16.812
137	70.55	35.275	16.932
138	71.05	35.525	17.052
139	71.55	35.775	17.172
140	72.05	36.025	17.292
141	72.6	36.3	17.424
142	73.1	36.55	17.544
143	73.6	36.8	17.664
144	74.1	37.05	17.784
145	74.65	37.325	17.916
146	75.15	37.575	18.036
147	75.65	37.825	18.156
148	76.15	38.075	18.276
149	76.65	38.325	18.396
150	77.2	38.6	18.528
151	77.7	38.85	18.648
152	78.2	39.1	18.768
153	78.7	39.35	18.888
154	79.2	39.6	19.008
155	79.75	39.875	19.14
156	80.25	40.125	19.26
157	80.75	40.375	19.38
158	81.25	40.625	19.5
159	81.8	40.9	19.632
160	82.3	41.15	19.752
161	82.8	41.4	19.872
162	83.3	41.65	19.992
163	83.85	41.925	20.124
164	84.35	42.175	20.244
165	84.85	42.425	20.364
166	85.35	42.675	20.484
167	85.85	42.925	20.604
168	86.4	43.2	20.736
169	86.9	43.45	20.856
170	87.4	43.7	20.976
171	87.9	43.95	21.096
172	88.4	44.2	21.216
173	88.95	44.475	21.348
174	89.45	44.725	21.468
175	89.95	44.975	21.588
176	90.45	45.225	21.708
177	91	45.5	21.84
178	91.5	45.75	21.96
179	92	46	22.08
180	92.5	46.25	22.2
181	93.05	46.525	22.332
182	93.55	46.775	22.452
183	94.05	47.025	22.572
184	94.55	47.275	22.692
185	95.05	47.525	22.812
186	95.6	47.8	22.944
187	96.1	48.05	23.064
188	96.6	48.3	23.184
189	97.1	48.55	23.304
190	97.65	48.825	23.436
191	98.15	49.075	23.556
192	98.65	49.325	23.676
193	99.15	49.575	23.796
194	99.65	49.825	23.916
195	100.2	50.1	24.048
196	100.7	50.35	24.168
197	101.2	50.6	24.288
198	101.7	50.85	24.408
199	102.25	51.125	24.54
200	102.75	51.375	24.66
201	103.25	51.625	24.78
202	103.75	51.875	24.9
203	104.25	52.125	25.02
204	104.8	52.4	25.152
205	105.3	52.65	25.272
206	105.8	52.9	25.392
207	106.3	53.15	25.512
208	106.8	53.4	25.632
209	107.35	53.675	25.764
210	107.85	53.925	25.884
211	108.35	54.175	26.004
212	108.85	54.425	26.124
213	109.4	54.7	26.256
214	109.9	54.95	26.376
215	110.4	55.2	26.496
216	110.9	55.45	26.616
217	111.4	55.7	26.736
218	111.95	55.975	26.868
219	112.45	56.225	26.988
220	112.95	56.475	27.108
221	113.5	56.75	27.24
222	114	57	27.36
223	114.5	57.25	27.48
224	115	57.5	27.6
225	115.5	57.75	27.72
226	116.05	58.025	27.852
227	116.55	58.275	27.972
228	117.05	58.525	28.092
229	117.55	58.775	28.212
230	118.1	59.05	28.344
231	118.6	59.3	28.464
232	119.1	59.55	28.584
233	119.6	59.8	28.704
234	120.1	60.05	28.824
235	120.65	60.325	28.956
236	121.15	60.575	29.076
237	121.65	60.825	29.196
238	122.15	61.075	29.316
239	122.7	61.35	29.448
240	123.2	61.6	29.568
241	123.7	61.85	29.688
242	124.2	62.1	29.808
243	124.7	62.35	29.928
244	125.25	62.625	30.06
245	125.75	62.875	30.18
246	126.25	63.125	30.3
247	126.75	63.375	30.42
248	127.25	63.625	30.54
249	127.8	63.9	30.672
250	128.3	64.15	30.792
251	128.8	64.4	30.912
252	129.3	64.65	31.032
253	129.85	64.925	31.164
254	130.35	65.175	31.284
255	130.85	65.425	31.404
256	131.35	65.675	31.524
257	131.85	65.925	31.644
258	132.4	66.2	31.776
259	132.9	66.45	31.896
260	133.4	66.7	32.016
261	133.9	66.95	32.136
262	134.45	67.225	32.268
263	134.95	67.475	32.388
264	135.45	67.725	32.508
265	135.95	67.975	32.628
266	136.5	68.25	32.76
267	137	68.5	32.88
268	137.5	68.75	33
269	138	69	33.12
270	138.5	69.25	33.24
271	139.05	69.525	33.372
272	139.55	69.775	33.492
273	140.05	70.025	33.612
274	140.55	70.275	33.732
275	141.1	70.55	33.864
276	141.6	70.8	33.984
277	142.1	71.05	34.104
278	142.6	71.3	34.224
279	143.1	71.55	34.344
280	143.65	71.825	34.476
281	144.15	72.075	34.596
282	144.65	72.325	34.716
283	145.15	72.575	34.836
284	145.65	72.825	34.956
285	146.2	73.1	35.088
286	146.7	73.35	35.208
287	147.2	73.6	35.328
288	147.7	73.85	35.448
289	148.25	74.125	35.58
290	148.75	74.375	35.7
291	149.25	74.625	35.82
292	149.75	74.875	35.94
293	150.25	75.125	36.06
294	150.8	75.4	36.192
295	151.3	75.65	36.312
296	151.8	75.9	36.432
297	152.3	76.15	36.552
298	152.8	76.4	36.672
299	153.35	76.675	36.804
300	153.85	76.925	36.924
301	154.35	77.175	37.044
302	154.85	77.425	37.164
303	155.35	77.675	37.284
304	155.9	77.95	37.416
305	156.4	78.2	37.536
306	156.9	78.45	37.656
307	157.4	78.7	37.776
308	157.9	78.95	37.896
309	158.45	79.225	38.028
310	158.95	79.475	38.148
311	159.45	79.725	38.268
312	159.95	79.975	38.388
313	160.5	80.25	38.52
314	161	80.5	38.64
315	161.5	80.75	38.76
316	162	81	38.88
317	162.55	81.275	39.012
318	163.05	81.525	39.132
319	163.55	81.775	39.252
320	164.05	82.025	39.372
321	164.55	82.275	39.492
322	165.1	82.55	39.624
323	165.6	82.8	39.744
324	166.1	83.05	39.864
325	166.6	83.3	39.984
326	167.1	83.55	40.104
327	167.65	83.825	40.236
328	168.15	84.075	40.356
329	168.65	84.325	40.476
330	169.15	84.575	40.596
331	169.7	84.85	40.728
332	170.2	85.1	40.848
333	170.7	85.35	40.968
334	171.2	85.6	41.088
335	171.7	85.85	41.208
336	172.25	86.125	41.34
337	172.75	86.375	41.46
338	173.25	86.625	41.58
339	173.75	86.875	41.7
340	174.25	87.125	41.82
341	174.8	87.4	41.952
342	175.3	87.65	42.072
343	175.8	87.9	42.192
344	176.3	88.15	42.312
345	176.85	88.425	42.444
346	177.35	88.675	42.564
347	177.85	88.925	42.684
348	178.35	89.175	42.804
349	178.85	89.425	42.924
350	179.4	89.7	43.056
351	179.9	89.95	43.176
352	180.4	90.2	43.296
353	180.9	90.45	43.416
354	181.4	90.7	43.536
355	181.95	90.975	43.668
356	182.45	91.225	43.788
357	182.95	91.475	43.908
358	183.45	91.725	44.028
359	183.95	91.975	44.148
360	184.5	92.25	44.28
361	185	92.5	44.4
362	185.5	92.75	44.52
363	186	93	44.64
364	186.55	93.275	44.772
365	187.05	93.525	44.892
366	187.55	93.775	45.012
367	188.05	94.025	45.132
368	188.55	94.275	45.252
369	189.1	94.55	45.384
370	189.6	94.8	45.504
371	190.1	95.05	45.624
372	190.6	95.3	45.744
373	191.15	95.575	45.876
374	191.65	95.825	45.996
375	192.15	96.075	46.116
376	192.65	96.325	46.236
377	193.15	96.575	46.356
378	193.7	96.85	46.488
379	194.2	97.1	46.608
380	194.7	97.35	46.728
381	195.2	97.6	46.848
382	195.7	97.85	46.968
383	196.25	98.125	47.1
384	196.75	98.375	47.22
385	197.25	98.625	47.34
386	197.75	98.875	47.46
387	198.3	99.15	47.592
388	198.8	99.4	47.712
389	199.3	99.65	47.832
390	199.8	99.9	47.952
391	200.35	100.175	48.084
392	200.85	100.425	48.204
393	201.35	100.675	48.324
394	201.85	100.925	48.444
395	202.4	101.2	48.576
396	202.9	101.45	48.696
397	203.4	101.7	48.816
398	203.9	101.95	48.936
399	204.4	102.2	49.056
400	204.95	102.475	49.188
401	205.45	102.725	49.308
402	205.95	102.975	49.428
403	206.45	103.225	49.548
404	207	103.5	49.68
405	207.5	103.75	49.8
406	208	104	49.92
407	208.5	104.25	50.04
408	209	104.5	50.16
409	209.55	104.775	50.292
410	210.05	105.025	50.412
411	210.55	105.275	50.532
412	211.05	105.525	50.652
413	211.6	105.8	50.784
414	212.1	106.05	50.904
415	212.6	106.3	51.024
416	213.1	106.55	51.144
417	213.6	106.8	51.264
418	214.15	107.075	51.396
419	214.65	107.325	51.516
420	215.15	107.575	51.636
421	215.65	107.825	51.756
422	216.2	108.1	51.888
423	216.7	108.35	52.008
424	217.2	108.6	52.128
425	217.7	108.85	52.248
426	218.2	109.1	52.368
427	218.75	109.375	52.5
428	219.25	109.625	52.62
429	219.75	109.875	52.74
430	220.25	110.125	52.86
431	220.8	110.4	52.992
432	221.3	110.65	53.112
433	221.8	110.9	53.232
434	222.3	111.15	53.352
435	222.85	111.425	53.484
436	223.35	111.675	53.604
437	223.85	111.925	53.724
438	224.35	112.175	53.844
439	224.9	112.45	53.976
440	225.4	112.7	54.096
441	225.9	112.95	54.216
442	226.4	113.2	54.336
443	226.9	113.45	54.456
444	227.45	113.725	54.588
445	227.95	113.975	54.708
446	228.45	114.225	54.828
447	228.95	114.475	54.948
448	229.45	114.725	55.068
449	230	115	55.2
450	230.5	115.25	55.32
451	231	115.5	55.44
452	231.5	115.75	55.56
453	232	116	55.68
454	232.55	116.275	55.812
455	233.05	116.525	55.932
456	233.55	116.775	56.052
457	234.05	117.025	56.172
458	234.55	117.275	56.292
459	235.1	117.55	56.424
460	235.6	117.8	56.544
461	236.1	118.05	56.664
462	236.6	118.3	56.784
463	237.1	118.55	56.904
464	237.65	118.825	57.036
465	238.15	119.075	57.156
466	238.65	119.325	57.276
467	239.15	119.575	57.396
468	239.65	119.825	57.516
469	240.2	120.1	57.648
470	240.7	120.35	57.768
471	241.2	120.6	57.888
472	241.7	120.85	58.008
473	242.2	121.1	58.128
474	242.75	121.375	58.26
475	243.25	121.625	58.38
476	243.75	121.875	58.5
477	244.25	122.125	58.62
478	244.8	122.4	58.752
479	245.3	122.65	58.872
480	245.8	122.9	58.992
481	246.3	123.15	59.112
482	246.8	123.4	59.232
483	247.35	123.675	59.364
484	247.85	123.925	59.484
485	248.35	124.175	59.604
486	248.85	124.425	59.724
487	249.4	124.7	59.856
488	249.9	124.95	59.976
489	250.4	125.2	60.096
490	250.9	125.45	60.216
491	251.4	125.7	60.336
492	251.95	125.975	60.468
493	252.45	126.225	60.588
494	252.95	126.475	60.708
495	253.45	126.725	60.828
496	254	127	60.96
497	254.5	127.25	61.08
498	255	127.5	61.2
499	255.5	127.75	61.32
500	256	128	61.44
501	256.55	128.275	61.572
502	257.05	128.525	61.692
503	257.55	128.775	61.812
504	258.05	129.025	61.932
505	258.55	129.275	62.052
506	259.1	129.55	62.184
507	259.6	129.8	62.304
508	260.1	130.05	62.424
509	260.6	130.3	62.544
510	261.15	130.575	62.676
511	261.65	130.825	62.796
512	262.15	131.075	62.916
513	262.65	131.325	63.036
514	263.15	131.575	63.156
515	263.65	131.825	63.276
516	264.2	132.1	63.408
517	264.7	132.35	63.528
518	265.2	132.6	63.648
519	265.7	132.85	63.768
520	266.25	133.125	63.9
521	266.75	133.375	64.02
522	267.25	133.625	64.14
523	267.75	133.875	64.26
524	268.25	134.125	64.38
525	268.8	134.4	64.512
526	269.3	134.65	64.632
527	269.8	134.9	64.752
528	270.3	135.15	64.872
529	270.85	135.425	65.004
530	271.35	135.675	65.124
531	271.85	135.925	65.244
532	272.35	136.175	65.364
533	272.85	136.425	65.484
534	273.4	136.7	65.616
535	273.9	136.95	65.736
536	274.4	137.2	65.856
537	274.9	137.45	65.976
538	275.45	137.725	66.108
539	275.95	137.975	66.228
540	276.45	138.225	66.348
541	276.95	138.475	66.468
542	277.45	138.725	66.588
543	278	139	66.72
544	278.5	139.25	66.84
545	279	139.5	66.96
546	279.5	139.75	67.08
547	280	140	67.2
548	280.55	140.275	67.332
549	281.05	140.525	67.452
550	281.55	140.775	67.572
551	282.05	141.025	67.692
552	282.55	141.275	67.812
553	283.1	141.55	67.944
554	283.6	141.8	68.064
555	284.1	142.05	68.184
556	284.6	142.3	68.304
557	285.1	142.55	68.424
558	285.65	142.825	68.556
559	286.15	143.075	68.676
560	286.65	143.325	68.796
561	287.15	143.575	68.916
562	287.7	143.85	69.048
563	288.2	144.1	69.168
564	288.7	144.35	69.288
565	289.2	144.6	69.408
566	289.7	144.85	69.528
567	290.25	145.125	69.66
568	290.75	145.375	69.78
569	291.25	145.625	69.9
570	291.75	145.875	70.02
571	292.25	146.125	70.14
572	292.8	146.4	70.272
573	293.3	146.65	70.392
574	293.8	146.9	70.512
575	294.3	147.15	70.632
576	294.8	147.4	70.752
577	295.35	147.675	70.884
578	295.85	147.925	71.004
579	296.35	148.175	71.124
580	296.85	148.425	71.244
581	297.35	148.675	71.364
582	297.9	148.95	71.496
583	298.4	149.2	71.616
584	298.9	149.45	71.736
585	299.4	149.7	71.856
586	299.9	149.95	71.976
587	300.45	150.225	72.108
588	300.95	150.475	72.228
589	301.45	150.725	72.348
590	301.95	150.975	72.468
591	302.45	151.225	72.588
592	303	151.5	72.72
593	303.5	151.75	72.84
594	304	152	72.96
595	304.5	152.25	73.08
596	305	152.5	73.2
597	305.55	152.775	73.332
598	306.05	153.025	73.452
599	306.55	153.275	73.572
600	307.05	153.525	73.692
601	307.6	153.8	73.824
602	308.1	154.05	73.944
603	308.6	154.3	74.064
604	309.1	154.55	74.184
605	309.6	154.8	74.304
606	310.15	155.075	74.436
607	310.65	155.325	74.556
608	311.15	155.575	74.676
609	311.65	155.825	74.796
610	312.15	156.075	74.916
611	312.7	156.35	75.048
612	313.2	156.6	75.168
613	313.7	156.85	75.288
614	314.2	157.1	75.408
615	314.7	157.35	75.528
616	315.2	157.6	75.648
617	315.75	157.875	75.78
618	316.25	158.125	75.9
619	316.75	158.375	76.02
620	317.25	158.625	76.14
621	317.75	158.875	76.26
622	318.3	159.15	76.392
623	318.8	159.4	76.512
624	319.3	159.65	76.632
625	319.8	159.9	76.752
626	320.3	160.15	76.872
627	320.8	160.4	76.992
628	321.35	160.675	77.124
629	321.85	160.925	77.244
630	322.35	161.175	77.364
631	322.85	161.425	77.484
632	323.4	161.7	77.616
633	323.9	161.95	77.736
634	324.4	162.2	77.856
635	324.9	162.45	77.976
636	325.4	162.7	78.096
637	325.95	162.975	78.228
638	326.45	163.225	78.348
639	326.95	163.475	78.468
640	327.45	163.725	78.588
641	327.95	163.975	78.708
642	328.45	164.225	78.828
643	329	164.5	78.96
644	329.5	164.75	79.08
645	330	165	79.2
646	330.5	165.25	79.32
647	331	165.5	79.44
648	331.55	165.775	79.572
649	332.05	166.025	79.692
650	332.55	166.275	79.812
651	333.05	166.525	79.932
652	333.6	166.8	80.064
653	334.1	167.05	80.184
654	334.6	167.3	80.304
655	335.1	167.55	80.424
656	335.6	167.8	80.544
657	336.15	168.075	80.676
658	336.65	168.325	80.796
659	337.15	168.575	80.916
660	337.65	168.825	81.036
661	338.15	169.075	81.156
662	338.7	169.35	81.288
663	339.2	169.6	81.408
664	339.7	169.85	81.528
665	340.2	170.1	81.648
666	340.7	170.35	81.768
667	341.25	170.625	81.9
668	341.75	170.875	82.02
669	342.25	171.125	82.14
670	342.75	171.375	82.26
671	343.25	171.625	82.38
672	343.8	171.9	82.512
673	344.3	172.15	82.632
674	344.8	172.4	82.752
675	345.3	172.65	82.872
676	345.8	172.9	82.992
677	346.35	173.175	83.124
678	346.85	173.425	83.244
679	347.35	173.675	83.364
680	347.85	173.925	83.484
681	348.35	174.175	83.604
682	348.9	174.45	83.736
683	349.4	174.7	83.856
684	349.9	174.95	83.976
685	350.4	175.2	84.096
686	350.9	175.45	84.216
687	351.45	175.725	84.348
688	351.95	175.975	84.468
689	352.45	176.225	84.588
690	352.95	176.475	84.708
691	353.45	176.725	84.828
692	354	177	84.96
693	354.5	177.25	85.08
694	355	177.5	85.2
695	355.5	177.75	85.32
696	356	178	85.44
697	356.55	178.275	85.572
698	357.05	178.525	85.692
699	357.55	178.775	85.812
700	358.05	179.025	85.932
701	358.6	179.3	86.064
702	359.1	179.55	86.184
703	359.6	179.8	86.304
704	360.1	180.05	86.424
705	360.6	180.3	86.544
706	361.15	180.575	86.676
707	361.65	180.825	86.796
708	362.15	181.075	86.916
709	362.65	181.325	87.036
710	363.15	181.575	87.156
711	363.7	181.85	87.288
712	364.2	182.1	87.408
713	364.7	182.35	87.528
714	365.2	182.6	87.648
715	365.7	182.85	87.768
716	366.25	183.125	87.9
717	366.75	183.375	88.02
718	367.25	183.625	88.14
719	367.75	183.875	88.26
720	368.25	184.125	88.38
721	368.8	184.4	88.512
722	369.3	184.65	88.632
723	369.8	184.9	88.752
724	370.3	185.15	88.872
725	370.8	185.4	88.992
726	371.35	185.675	89.124
727	371.85	185.925	89.244
728	372.35	186.175	89.364
729	372.85	186.425	89.484
730	373.35	186.675	89.604
731	373.9	186.95	89.736
732	374.4	187.2	89.856
733	374.9	187.45	89.976
734	375.4	187.7	90.096
735	375.9	187.95	90.216
736	376.45	188.225	90.348
737	376.95	188.475	90.468
738	377.45	188.725	90.588
739	377.95	188.975	90.708
740	378.45	189.225	90.828
741	379	189.5	90.96
742	379.5	189.75	91.08
743	380	190	91.2
744	380.5	190.25	91.32
745	381.05	190.525	91.452
746	381.55	190.775	91.572
747	382.05	191.025	91.692
748	382.55	191.275	91.812
749	383.05	191.525	91.932
750	383.6	191.8	92.064
751	384.1	192.05	92.184
752	384.6	192.3	92.304
753	385.1	192.55	92.424
754	385.6	192.8	92.544
755	386.15	193.075	92.676
756	386.65	193.325	92.796
757	387.15	193.575	92.916
758	387.65	193.825	93.036
759	388.15	194.075	93.156
760	388.7	194.35	93.288
761	389.2	194.6	93.408
762	389.7	194.85	93.528
763	390.2	195.1	93.648
764	390.7	195.35	93.768
765	391.25	195.625	93.9
766	391.75	195.875	94.02
767	392.25	196.125	94.14
768	392.75	196.375	94.26
769	393.25	196.625	94.38
770	393.8	196.9	94.512
771	394.3	197.15	94.632
772	394.8	197.4	94.752
773	395.3	197.65	94.872
774	395.8	197.9	94.992
775	396.35	198.175	95.124
776	396.85	198.425	95.244
777	397.35	198.675	95.364
778	397.85	198.925	95.484
779	398.4	199.2	95.616
780	398.9	199.45	95.736
781	399.4	199.7	95.856
782	399.9	199.95	95.976
783	400.4	200.2	96.096
784	400.9	200.45	96.216
785	401.45	200.725	96.348
786	401.95	200.975	96.468
787	402.45	201.225	96.588
788	402.95	201.475	96.708
789	403.5	201.75	96.84
790	404	202	96.96
791	404.5	202.25	97.08
792	405	202.5	97.2
793	405.5	202.75	97.32
794	406.05	203.025	97.452
795	406.55	203.275	97.572
796	407.05	203.525	97.692
797	407.55	203.775	97.812
798	408.05	204.025	97.932
799	408.6	204.3	98.064
800	409.1	204.55	98.184
801	409.6	204.8	98.304
802	410.1	205.05	98.424
803	410.6	205.3	98.544
804	411.15	205.575	98.676
805	411.65	205.825	98.796
806	412.15	206.075	98.916
807	412.65	206.325	99.036
808	413.15	206.575	99.156
809	413.7	206.85	99.288
810	414.2	207.1	99.408
811	414.7	207.35	99.528
812	415.2	207.6	99.648
813	415.7	207.85	99.768
814	416.25	208.125	99.9
815	416.75	208.375	100.02
816	417.25	208.625	100.14
817	417.75	208.875	100.26
818	418.25	209.125	100.38
819	418.8	209.4	100.512
820	419.3	209.65	100.632
821	419.8	209.9	100.752
822	420.3	210.15	100.872
823	420.8	210.4	100.992
824	421.35	210.675	101.124
825	421.85	210.925	101.244
826	422.35	211.175	101.364
827	422.85	211.425	101.484
828	423.35	211.675	101.604
829	423.9	211.95	101.736
830	424.4	212.2	101.856
831	424.9	212.45	101.976
832	425.4	212.7	102.096
833	425.9	212.95	102.216
834	426.4	213.2	102.336
835	426.95	213.475	102.468
836	427.45	213.725	102.588
837	427.95	213.975	102.708
838	428.45	214.225	102.828
839	429	214.5	102.96
840	429.5	214.75	103.08
841	430	215	103.2
842	430.5	215.25	103.32
843	431	215.5	103.44
844	431.5	215.75	103.56
845	432.05	216.025	103.692
846	432.55	216.275	103.812
847	433.05	216.525	103.932
848	433.55	216.775	104.052
849	434.1	217.05	104.184
850	434.6	217.3	104.304
851	435.1	217.55	104.424
852	435.6	217.8	104.544
853	436.1	218.05	104.664
854	436.65	218.325	104.796
855	437.15	218.575	104.916
856	437.65	218.825	105.036
857	438.15	219.075	105.156
858	438.65	219.325	105.276
859	439.2	219.6	105.408
860	439.7	219.85	105.528
861	440.2	220.1	105.648
862	440.7	220.35	105.768
863	441.25	220.625	105.9
864	441.75	220.875	106.02
865	442.25	221.125	106.14
866	442.75	221.375	106.26
867	443.25	221.625	106.38
868	443.75	221.875	106.5
869	444.3	222.15	106.632
870	444.8	222.4	106.752
871	445.3	222.65	106.872
872	445.8	222.9	106.992
873	446.35	223.175	107.124
874	446.85	223.425	107.244
875	447.35	223.675	107.364
876	447.85	223.925	107.484
877	448.35	224.175	107.604
878	448.9	224.45	107.736
879	449.4	224.7	107.856
880	449.9	224.95	107.976
881	450.4	225.2	108.096
882	450.9	225.45	108.216
883	451.45	225.725	108.348
884	451.95	225.975	108.468
885	452.45	226.225	108.588
886	452.95	226.475	108.708
887	453.45	226.725	108.828
888	453.95	226.975	108.948
889	454.5	227.25	109.08
890	455	227.5	109.2
891	455.5	227.75	109.32
892	456	228	109.44
893	456.55	228.275	109.572
894	457.05	228.525	109.692
895	457.55	228.775	109.812
896	458.05	229.025	109.932
897	458.55	229.275	110.052
898	459.1	229.55	110.184
899	459.6	229.8	110.304
900	460.1	230.05	110.424
901	460.6	230.3	110.544
902	461.1	230.55	110.664
903	461.65	230.825	110.796
904	462.15	231.075	110.916
905	462.65	231.325	111.036
906	463.15	231.575	111.156
907	463.65	231.825	111.276
908	464.2	232.1	111.408
909	464.7	232.35	111.528
910	465.2	232.6	111.648
911	465.7	232.85	111.768
912	466.2	233.1	111.888
913	466.75	233.375	112.02
914	467.25	233.625	112.14
915	467.75	233.875	112.26
916	468.25	234.125	112.38
917	468.75	234.375	112.5
918	469.25	234.625	112.62
919	469.8	234.9	112.752
920	470.3	235.15	112.872
921	470.8	235.4	112.992
922	471.3	235.65	113.112
923	471.85	235.925	113.244
924	472.35	236.175	113.364
925	472.85	236.425	113.484
926	473.35	236.675	113.604
927	473.85	236.925	113.724
928	474.4	237.2	113.856
929	474.9	237.45	113.976
930	475.4	237.7	114.096
931	475.9	237.95	114.216
932	476.4	238.2	114.336
933	476.95	238.475	114.468
934	477.45	238.725	114.588
935	477.95	238.975	114.708
936	478.45	239.225	114.828
937	478.95	239.475	114.948
938	479.5	239.75	115.08
939	480	240	115.2
940	480.5	240.25	115.32
941	481	240.5	115.44
942	481.5	240.75	115.56
943	482.05	241.025	115.692
944	482.55	241.275	115.812
945	483.05	241.525	115.932
946	483.55	241.775	116.052
947	484.05	242.025	116.172
948	484.6	242.3	116.304
949	485.1	242.55	116.424
950	485.6	242.8	116.544
951	486.1	243.05	116.664
952	486.6	243.3	116.784
953	487.15	243.575	116.916
954	487.65	243.825	117.036
955	488.15	244.075	117.156
956	488.65	244.325	117.276
957	489.15	244.575	117.396
958	489.7	244.85	117.528
959	490.2	245.1	117.648
960	490.7	245.35	117.768
961	491.2	245.6	117.888
962	491.7	245.85	118.008
963	492.25	246.125	118.14
964	492.75	246.375	118.26
965	493.25	246.625	118.38
966	493.75	246.875	118.5
967	494.25	247.125	118.62
968	494.8	247.4	118.752
969	495.3	247.65	118.872
970	495.8	247.9	118.992
971	496.3	248.15	119.112
972	496.8	248.4	119.232
973	497.35	248.675	119.364
974	497.85	248.925	119.484
975	498.35	249.175	119.604
976	498.85	249.425	119.724
977	499.35	249.675	119.844
978	499.9	249.95	119.976
979	500.4	250.2	120.096
980	500.9	250.45	120.216
981	501.4	250.7	120.336
982	501.95	250.975	120.468
983	502.45	251.225	120.588
984	502.95	251.475	120.708
985	503.45	251.725	120.828
986	503.95	251.975	120.948
987	504.45	252.225	121.068
988	505	252.5	121.2
989	505.5	252.75	121.32
990	506	253	121.44
991	506.5	253.25	121.56
992	507	253.5	121.68
993	507.55	253.775	121.812
994	508.05	254.025	121.932
995	508.55	254.275	122.052
996	509.05	254.525	122.172
997	509.55	254.775	122.292
998	510.1	255.05	122.424
999	510.6	255.3	122.544
1000	511.1	255.55	122.664
1001	511.6	255.8	122.784
1002	512.1	256.05	122.904
1003	512.65	256.325	123.036
1004	513.15	256.575	123.156
1005	513.65	256.825	123.276
1006	514.15	257.075	123.396
1007	514.65	257.325	123.516
1008	515.2	257.6	123.648
1009	515.7	257.85	123.768
1010	516.2	258.1	123.888
1011	516.7	258.35	124.008
1012	517.2	258.6	124.128
1013	517.75	258.875	124.26
1014	518.25	259.125	124.38
1015	518.75	259.375	124.5
1016	519.25	259.625	124.62
1017	519.75	259.875	124.74
1018	520.3	260.15	124.872
1019	520.8	260.4	124.992
1020	521.3	260.65	125.112
1021	521.8	260.9	125.232
1022	522.3	261.15	125.352
1023	522.85	261.425	125.484
1024	523.35	261.675	125.604
1025	523.85	261.925	125.724
1026	524.35	262.175	125.844
1027	524.85	262.425	125.964
1028	525.4	262.7	126.096
1029	525.9	262.95	126.216
1030	526.4	263.2	126.336
1031	526.9	263.45	126.456
1032	527.45	263.725	126.588
1033	527.95	263.975	126.708
1034	528.45	264.225	126.828
1035	528.95	264.475	126.948
1036	529.45	264.725	127.068
1037	530	265	127.2
1038	530.5	265.25	127.32
1039	531	265.5	127.44
1040	531.5	265.75	127.56
1041	532.05	266.025	127.692
1042	532.55	266.275	127.812
1043	533.05	266.525	127.932
1044	533.55	266.775	128.052
1045	534.05	267.025	128.172
1046	534.6	267.3	128.304
1047	535.1	267.55	128.424
1048	535.6	267.8	128.544
1049	536.1	268.05	128.664
1050	536.6	268.3	128.784
1051	537.1	268.55	128.904
1052	537.65	268.825	129.036
1053	538.15	269.075	129.156
1054	538.65	269.325	129.276
1055	539.15	269.575	129.396
1056	539.65	269.825	129.516
1057	540.15	270.075	129.636
1058	540.7	270.35	129.768
1059	541.2	270.6	129.888
1060	541.7	270.85	130.008
1061	542.2	271.1	130.128
1062	542.75	271.375	130.26
1063	543.25	271.625	130.38
1064	543.75	271.875	130.5
1065	544.25	272.125	130.62
1066	544.75	272.375	130.74
1067	545.25	272.625	130.86
1068	545.8	272.9	130.992
1069	546.3	273.15	131.112
1070	546.8	273.4	131.232
1071	547.3	273.65	131.352
1072	547.8	273.9	131.472
1073	548.35	274.175	131.604
1074	548.85	274.425	131.724
1075	549.35	274.675	131.844
1076	549.85	274.925	131.964
1077	550.35	275.175	132.084
1078	550.9	275.45	132.216
1079	551.4	275.7	132.336
1080	551.9	275.95	132.456
1081	552.4	276.2	132.576
1082	552.95	276.475	132.708
1083	553.45	276.725	132.828
1084	553.95	276.975	132.948
1085	554.45	277.225	133.068
1086	554.95	277.475	133.188
1087	555.5	277.75	133.32
1088	556	278	133.44
1089	556.5	278.25	133.56
1090	557	278.5	133.68
1091	557.5	278.75	133.8
1092	558.05	279.025	133.932
1093	558.55	279.275	134.052
1094	559.05	279.525	134.172
1095	559.55	279.775	134.292
1096	560.05	280.025	134.412
1097	560.6	280.3	134.544
1098	561.1	280.55	134.664
1099	561.6	280.8	134.784
1100	562.1	281.05	134.904
1101	562.6	281.3	135.024
1102	563.15	281.575	135.156
1103	563.65	281.825	135.276
1104	564.15	282.075	135.396
1105	564.65	282.325	135.516
1106	565.15	282.575	135.636
1107	565.7	282.85	135.768
1108	566.2	283.1	135.888
1109	566.7	283.35	136.008
1110	567.2	283.6	136.128
1111	567.7	283.85	136.248
1112	568.25	284.125	136.38
1113	568.75	284.375	136.5
1114	569.25	284.625	136.62
1115	569.75	284.875	136.74
1116	570.25	285.125	136.86
1117	570.8	285.4	136.992
1118	571.3	285.65	137.112
1119	571.8	285.9	137.232
1120	572.3	286.15	137.352
1121	572.85	286.425	137.484
1122	573.35	286.675	137.604
1123	573.85	286.925	137.724
1124	574.35	287.175	137.844
1125	574.85	287.425	137.964
1126	575.4	287.7	138.096
1127	575.9	287.95	138.216
1128	576.4	288.2	138.336
1129	576.9	288.45	138.456
1130	577.4	288.7	138.576
1131	577.95	288.975	138.708
1132	578.45	289.225	138.828
1133	578.95	289.475	138.948
1134	579.45	289.725	139.068
1135	579.95	289.975	139.188
1136	580.5	290.25	139.32
1137	581	290.5	139.44
1138	581.5	290.75	139.56
1139	582	291	139.68
1140	582.5	291.25	139.8
1141	583.05	291.525	139.932
1142	583.55	291.775	140.052
1143	584.05	292.025	140.172
1144	584.55	292.275	140.292
1145	585.05	292.525	140.412
1146	585.6	292.8	140.544
1147	586.1	293.05	140.664
1148	586.6	293.3	140.784
1149	587.1	293.55	140.904
1150	587.6	293.8	141.024
1151	588.15	294.075	141.156
1152	588.65	294.325	141.276
1153	589.15	294.575	141.396
1154	589.65	294.825	141.516
1155	590.15	295.075	141.636
1156	590.7	295.35	141.768
1157	591.2	295.6	141.888
1158	591.7	295.85	142.008
1159	592.2	296.1	142.128
1160	592.75	296.375	142.26
1161	593.25	296.625	142.38
1162	593.75	296.875	142.5
1163	594.25	297.125	142.62
1164	594.75	297.375	142.74
1165	595.3	297.65	142.872
1166	595.8	297.9	142.992
1167	596.3	298.15	143.112
1168	596.8	298.4	143.232
1169	597.3	298.65	143.352
1170	597.85	298.925	143.484
1171	598.35	299.175	143.604
1172	598.85	299.425	143.724
1173	599.35	299.675	143.844
1174	599.85	299.925	143.964
1175	600.4	300.2	144.096
1176	600.9	300.45	144.216
1177	601.4	300.7	144.336
1178	601.9	300.95	144.456
1179	602.4	301.2	144.576
1180	602.95	301.475	144.708
1181	603.45	301.725	144.828
1182	603.95	301.975	144.948
1183	604.45	302.225	145.068
1184	604.95	302.475	145.188
1185	605.5	302.75	145.32
1186	606	303	145.44
1187	606.5	303.25	145.56
1188	607	303.5	145.68
1189	607.55	303.775	145.812
1190	608.05	304.025	145.932
1191	608.55	304.275	146.052
1192	609.05	304.525	146.172
1193	609.55	304.775	146.292
1194	610.05	305.025	146.412
1195	610.6	305.3	146.544
1196	611.1	305.55	146.664
1197	611.6	305.8	146.784
1198	612.1	306.05	146.904
1199	612.6	306.3	147.024
1200	613.15	306.575	147.156
1201	613.65	306.825	147.276
1202	614.15	307.075	147.396
1203	614.65	307.325	147.516
1204	615.15	307.575	147.636
1205	615.65	307.825	147.756
1206	616.2	308.1	147.888
1207	616.7	308.35	148.008
1208	617.2	308.6	148.128
1209	617.7	308.85	148.248
1210	618.25	309.125	148.38
1211	618.75	309.375	148.5
1212	619.25	309.625	148.62
1213	619.75	309.875	148.74
1214	620.25	310.125	148.86
1215	620.8	310.4	148.992
1216	621.3	310.65	149.112
1217	621.8	310.9	149.232
1218	622.3	311.15	149.352
1219	622.85	311.425	149.484
1220	623.35	311.675	149.604
1221	623.85	311.925	149.724
1222	624.35	312.175	149.844
1223	624.85	312.425	149.964
1224	625.35	312.675	150.084
1225	625.9	312.95	150.216
1226	626.4	313.2	150.336
1227	626.9	313.45	150.456
1228	627.4	313.7	150.576
1229	627.9	313.95	150.696
1230	628.45	314.225	150.828
1231	628.95	314.475	150.948
1232	629.45	314.725	151.068
1233	629.95	314.975	151.188
1234	630.45	315.225	151.308
1235	631	315.5	151.44
1236	631.5	315.75	151.56
1237	632	316	151.68
1238	632.5	316.25	151.8
1239	633.05	316.525	151.932
1240	633.55	316.775	152.052
1241	634.05	317.025	152.172
1242	634.55	317.275	152.292
1243	635.05	317.525	152.412
1244	635.55	317.775	152.532
1245	636.1	318.05	152.664
1246	636.6	318.3	152.784
1247	637.1	318.55	152.904
1248	637.6	318.8	153.024
1249	638.15	319.075	153.156
1250	638.65	319.325	153.276
1251	639.15	319.575	153.396
1252	639.65	319.825	153.516
1253	640.15	320.075	153.636
1254	640.7	320.35	153.768
1255	641.2	320.6	153.888
1256	641.7	320.85	154.008
1257	642.2	321.1	154.128
1258	642.7	321.35	154.248
1259	643.25	321.625	154.38
1260	643.75	321.875	154.5
1261	644.25	322.125	154.62
1262	644.75	322.375	154.74
1263	645.25	322.625	154.86
1264	645.8	322.9	154.992
1265	646.3	323.15	155.112
1266	646.8	323.4	155.232
1267	647.3	323.65	155.352
1268	647.8	323.9	155.472
1269	648.35	324.175	155.604
1270	648.85	324.425	155.724
1271	649.35	324.675	155.844
1272	649.85	324.925	155.964
1273	650.35	325.175	156.084
1274	650.9	325.45	156.216
1275	651.4	325.7	156.336
1276	651.9	325.95	156.456
1277	652.4	326.2	156.576
1278	652.9	326.45	156.696
1279	653.45	326.725	156.828
1280	653.95	326.975	156.948
1281	654.45	327.225	157.068
1282	654.95	327.475	157.188
1283	655.45	327.725	157.308
1284	656	328	157.44
1285	656.5	328.25	157.56
1286	657	328.5	157.68
1287	657.5	328.75	157.8
1288	658	329	157.92
1289	658.55	329.275	158.052
1290	659.05	329.525	158.172
1291	659.55	329.775	158.292
1292	660.05	330.025	158.412
1293	660.55	330.275	158.532
1294	661.1	330.55	158.664
1295	661.6	330.8	158.784
1296	662.1	331.05	158.904
1297	662.6	331.3	159.024
1298	663.1	331.55	159.144
1299	663.65	331.825	159.276
1300	664.15	332.075	159.396
1301	664.65	332.325	159.516
1302	665.15	332.575	159.636
1303	665.7	332.85	159.768
1304	666.2	333.1	159.888
1305	666.7	333.35	160.008
1306	667.2	333.6	160.128
1307	667.7	333.85	160.248
1308	668.25	334.125	160.38
1309	668.75	334.375	160.5
1310	669.25	334.625	160.62
1311	669.75	334.875	160.74
1312	670.25	335.125	160.86
1313	670.8	335.4	160.992
1314	671.3	335.65	161.112
1315	671.8	335.9	161.232
1316	672.3	336.15	161.352
1317	672.8	336.4	161.472
1318	673.35	336.675	161.604
1319	673.85	336.925	161.724
1320	674.35	337.175	161.844
1321	674.85	337.425	161.964
1322	675.35	337.675	162.084
1323	675.9	337.95	162.216
1324	676.4	338.2	162.336
1325	676.9	338.45	162.456
1326	677.4	338.7	162.576
1327	677.9	338.95	162.696
1328	678.45	339.225	162.828
1329	678.95	339.475	162.948
1330	679.45	339.725	163.068
1331	679.95	339.975	163.188
1332	680.45	340.225	163.308
1333	681	340.5	163.44
1334	681.5	340.75	163.56
1335	682	341	163.68
1336	682.5	341.25	163.8
1337	683	341.5	163.92
1338	683.55	341.775	164.052
1339	684.05	342.025	164.172
1340	684.55	342.275	164.292
1341	685.05	342.525	164.412
1342	685.6	342.8	164.544
1343	686.1	343.05	164.664
1344	686.6	343.3	164.784
1345	687.1	343.55	164.904
1346	687.6	343.8	165.024
1347	688.15	344.075	165.156
1348	688.65	344.325	165.276
1349	689.15	344.575	165.396
1350	689.65	344.825	165.516
1351	690.15	345.075	165.636
1352	690.7	345.35	165.768
1353	691.2	345.6	165.888
1354	691.7	345.85	166.008
1355	692.2	346.1	166.128
1356	692.7	346.35	166.248
1357	693.25	346.625	166.38
1358	693.75	346.875	166.5
1359	694.25	347.125	166.62
1360	694.75	347.375	166.74
1361	695.3	347.65	166.872
1362	695.8	347.9	166.992
1363	696.3	348.15	167.112
1364	696.8	348.4	167.232
1365	697.3	348.65	167.352
1366	697.85	348.925	167.484
1367	698.35	349.175	167.604
1368	698.85	349.425	167.724
1369	699.35	349.675	167.844
1370	699.85	349.925	167.964
1371	700.4	350.2	168.096
1372	700.9	350.45	168.216
1373	701.4	350.7	168.336
1374	701.9	350.95	168.456
1375	702.4	351.2	168.576
1376	702.9	351.45	168.696
1377	703.45	351.725	168.828
1378	703.95	351.975	168.948
1379	704.45	352.225	169.068
1380	704.95	352.475	169.188
1381	705.45	352.725	169.308
1382	706	353	169.44
1383	706.5	353.25	169.56
1384	707	353.5	169.68
1385	707.5	353.75	169.8
1386	708	354	169.92
1387	708.55	354.275	170.052
1388	709.05	354.525	170.172
1389	709.55	354.775	170.292
1390	710.05	355.025	170.412
1391	710.55	355.275	170.532
1392	711.1	355.55	170.664
1393	711.6	355.8	170.784
1394	712.1	356.05	170.904
1395	712.6	356.3	171.024
1396	713.1	356.55	171.144
1397	713.65	356.825	171.276
1398	714.15	357.075	171.396
1399	714.65	357.325	171.516
1400	715.15	357.575	171.636
1401	715.65	357.825	171.756
1402	716.2	358.1	171.888
1403	716.7	358.35	172.008
1404	717.2	358.6	172.128
1405	717.7	358.85	172.248
1406	718.2	359.1	172.368
1407	718.7	359.35	172.488
1408	719.25	359.625	172.62
1409	719.75	359.875	172.74
1410	720.25	360.125	172.86
1411	720.75	360.375	172.98
1412	721.3	360.65	173.112
1413	721.8	360.9	173.232
1414	722.3	361.15	173.352
1415	722.8	361.4	173.472
1416	723.3	361.65	173.592
1417	723.8	361.9	173.712
1418	724.35	362.175	173.844
1419	724.85	362.425	173.964
1420	725.35	362.675	174.084
1421	725.85	362.925	174.204
1422	726.4	363.2	174.336
1423	726.9	363.45	174.456
1424	727.4	363.7	174.576
1425	727.9	363.95	174.696
1426	728.4	364.2	174.816
1427	728.95	364.475	174.948
1428	729.45	364.725	175.068
1429	729.95	364.975	175.188
1430	730.45	365.225	175.308
1431	730.95	365.475	175.428
1432	731.5	365.75	175.56
1433	732	366	175.68
1434	732.5	366.25	175.8
1435	733	366.5	175.92
1436	733.5	366.75	176.04
1437	734.05	367.025	176.172
1438	734.55	367.275	176.292
1439	735.05	367.525	176.412
1440	735.55	367.775	176.532
1441	736.05	368.025	176.652
1442	736.6	368.3	176.784
1443	737.1	368.55	176.904
1444	737.6	368.8	177.024
1445	738.1	369.05	177.144
1446	738.6	369.3	177.264
1447	739.15	369.575	177.396
1448	739.65	369.825	177.516
1449	740.15	370.075	177.636
1450	740.65	370.325	177.756
1451	741.15	370.575	177.876
1452	741.7	370.85	178.008
1453	742.2	371.1	178.128
1454	742.7	371.35	178.248
1455	743.2	371.6	178.368
1456	743.7	371.85	178.488
1457	744.25	372.125	178.62
1458	744.75	372.375	178.74
1459	745.25	372.625	178.86
1460	745.75	372.875	178.98
1461	746.25	373.125	179.1
1462	746.8	373.4	179.232
1463	747.3	373.65	179.352
1464	747.8	373.9	179.472
1465	748.3	374.15	179.592
1466	748.8	374.4	179.712
1467	749.35	374.675	179.844
1468	749.85	374.925	179.964
1469	750.35	375.175	180.084
1470	750.85	375.425	180.204
1471	751.35	375.675	180.324
1472	751.9	375.95	180.456
1473	752.4	376.2	180.576
1474	752.9	376.45	180.696
1475	753.4	376.7	180.816
1476	753.9	376.95	180.936
1477	754.45	377.225	181.068
1478	754.95	377.475	181.188
1479	755.45	377.725	181.308
1480	755.95	377.975	181.428
1481	756.45	378.225	181.548
1482	757	378.5	181.68
1483	757.5	378.75	181.8
1484	758	379	181.92
1485	758.5	379.25	182.04
1486	759	379.5	182.16
1487	759.5	379.75	182.28
1488	760.05	380.025	182.412
1489	760.55	380.275	182.532
1490	761.05	380.525	182.652
1491	761.55	380.775	182.772
1492	762.1	381.05	182.904
1493	762.6	381.3	183.024
1494	763.1	381.55	183.144
1495	763.6	381.8	183.264
1496	764.1	382.05	183.384
1497	764.65	382.325	183.516
1498	765.15	382.575	183.636
1499	765.65	382.825	183.756
1500	766.15	383.075	183.876
1501	766.65	383.325	183.996
1502	767.2	383.6	184.128
1503	767.7	383.85	184.248
1504	768.2	384.1	184.368
1505	768.7	384.35	184.488
1506	769.2	384.6	184.608
1507	769.75	384.875	184.74
1508	770.25	385.125	184.86
1509	770.75	385.375	184.98
1510	771.25	385.625	185.1
1511	771.75	385.875	185.22
1512	772.3	386.15	185.352
1513	772.8	386.4	185.472
1514	773.3	386.65	185.592
1515	773.8	386.9	185.712
1516	774.3	387.15	185.832
1517	774.85	387.425	185.964
1518	775.35	387.675	186.084
1519	775.85	387.925	186.204
1520	776.35	388.175	186.324
1521	776.85	388.425	186.444
1522	777.35	388.675	186.564
1523	777.9	388.95	186.696
1524	778.4	389.2	186.816
1525	778.9	389.45	186.936
1526	779.4	389.7	187.056
1527	779.9	389.95	187.176
1528	780.45	390.225	187.308
1529	780.95	390.475	187.428
1530	781.45	390.725	187.548
1531	781.95	390.975	187.668
1532	782.45	391.225	187.788
1533	783	391.5	187.92
1534	783.5	391.75	188.04
1535	784	392	188.16
1536	784.5	392.25	188.28
1537	785	392.5	188.4
1538	785.55	392.775	188.532
1539	786.05	393.025	188.652
1540	786.55	393.275	188.772
1541	787.05	393.525	188.892
1542	787.6	393.8	189.024
1543	788.1	394.05	189.144
1544	788.6	394.3	189.264
1545	789.1	394.55	189.384
1546	789.6	394.8	189.504
1547	790.1	395.05	189.624
1548	790.65	395.325	189.756
1549	791.15	395.575	189.876
1550	791.65	395.825	189.996
1551	792.15	396.075	190.116
1552	792.7	396.35	190.248
1553	793.2	396.6	190.368
1554	793.7	396.85	190.488
1555	794.2	397.1	190.608
1556	794.7	397.35	190.728
1557	795.25	397.625	190.86
1558	795.75	397.875	190.98
1559	796.25	398.125	191.1
1560	796.75	398.375	191.22
1561	797.3	398.65	191.352
1562	797.8	398.9	191.472
1563	798.3	399.15	191.592
1564	798.8	399.4	191.712
1565	799.3	399.65	191.832
1566	799.8	399.9	191.952
1567	800.35	400.175	192.084
1568	800.85	400.425	192.204
1569	801.35	400.675	192.324
1570	801.85	400.925	192.444
1571	802.35	401.175	192.564
1572	802.9	401.45	192.696
1573	803.4	401.7	192.816
1574	803.9	401.95	192.936
1575	804.4	402.2	193.056
1576	804.9	402.45	193.176
1577	805.45	402.725	193.308
1578	805.95	402.975	193.428
1579	806.45	403.225	193.548
1580	806.95	403.475	193.668
1581	807.5	403.75	193.8
1582	808	404	193.92
1583	808.5	404.25	194.04
1584	809	404.5	194.16
1585	809.5	404.75	194.28
1586	810	405	194.4
1587	810.55	405.275	194.532
1588	811.05	405.525	194.652
1589	811.55	405.775	194.772
1590	812.05	406.025	194.892
1591	812.6	406.3	195.024
1592	813.1	406.55	195.144
1593	813.6	406.8	195.264
1594	814.1	407.05	195.384
1595	814.6	407.3	195.504
1596	815.15	407.575	195.636
1597	815.65	407.825	195.756
1598	816.15	408.075	195.876
1599	816.65	408.325	195.996
1600	817.15	408.575	196.116
1601	817.7	408.85	196.248
1602	818.2	409.1	196.368
1603	818.7	409.35	196.488
1604	819.2	409.6	196.608
1605	819.7	409.85	196.728
1606	820.25	410.125	196.86
1607	820.75	410.375	196.98
1608	821.25	410.625	197.1
1609	821.75	410.875	197.22
1610	822.25	411.125	197.34
1611	822.8	411.4	197.472
1612	823.3	411.65	197.592
1613	823.8	411.9	197.712
1614	824.3	412.15	197.832
1615	824.8	412.4	197.952
1616	825.35	412.675	198.084
1617	825.85	412.925	198.204
1618	826.35	413.175	198.324
1619	826.85	413.425	198.444
1620	827.4	413.7	198.576
1621	827.9	413.95	198.696
1622	828.4	414.2	198.816
1623	828.9	414.45	198.936
1624	829.4	414.7	199.056
1625	829.9	414.95	199.176
1626	830.45	415.225	199.308
1627	830.95	415.475	199.428
1628	831.45	415.725	199.548
1629	831.95	415.975	199.668
1630	832.5	416.25	199.8
1631	833	416.5	199.92
1632	833.5	416.75	200.04
1633	834	417	200.16
1634	834.5	417.25	200.28
1635	835	417.5	200.4
1636	835.55	417.775	200.532
1637	836.05	418.025	200.652
1638	836.55	418.275	200.772
1639	837.05	418.525	200.892
1640	837.55	418.775	201.012
1641	838.1	419.05	201.144
1642	838.6	419.3	201.264
1643	839.1	419.55	201.384
1644	839.6	419.8	201.504
1645	840.1	420.05	201.624
1646	840.65	420.325	201.756
1647	841.15	420.575	201.876
1648	841.65	420.825	201.996
1649	842.15	421.075	202.116
1650	842.7	421.35	202.248
1651	843.2	421.6	202.368
1652	843.7	421.85	202.488
1653	844.2	422.1	202.608
1654	844.7	422.35	202.728
1655	845.2	422.6	202.848
1656	845.75	422.875	202.98
1657	846.25	423.125	203.1
1658	846.75	423.375	203.22
1659	847.25	423.625	203.34
1660	847.8	423.9	203.472
1661	848.3	424.15	203.592
1662	848.8	424.4	203.712
1663	849.3	424.65	203.832
1664	849.8	424.9	203.952
1665	850.3	425.15	204.072
1666	850.85	425.425	204.204
1667	851.35	425.675	204.324
1668	851.85	425.925	204.444
1669	852.35	426.175	204.564
1670	852.85	426.425	204.684
1671	853.4	426.7	204.816
1672	853.9	426.95	204.936
1673	854.4	427.2	205.056
1674	854.9	427.45	205.176
1675	855.4	427.7	205.296
1676	855.95	427.975	205.428
1677	856.45	428.225	205.548
1678	856.95	428.475	205.668
1679	857.45	428.725	205.788
1680	857.95	428.975	205.908
1681	858.5	429.25	206.04
1682	859	429.5	206.16
1683	859.5	429.75	206.28
1684	860	430	206.4
1685	860.5	430.25	206.52
1686	861.05	430.525	206.652
1687	861.55	430.775	206.772
1688	862.05	431.025	206.892
1689	862.55	431.275	207.012
1690	863.05	431.525	207.132
1691	863.6	431.8	207.264
1692	864.1	432.05	207.384
1693	864.6	432.3	207.504
1694	865.1	432.55	207.624
1695	865.6	432.8	207.744
1696	866.15	433.075	207.876
1697	866.65	433.325	207.996
1698	867.15	433.575	208.116
1699	867.65	433.825	208.236
1700	868.15	434.075	208.356
1701	868.7	434.35	208.488
1702	869.2	434.6	208.608
1703	869.7	434.85	208.728
1704	870.2	435.1	208.848
1705	870.7	435.35	208.968
1706	871.25	435.625	209.1
1707	871.75	435.875	209.22
1708	872.25	436.125	209.34
1709	872.75	436.375	209.46
1710	873.25	436.625	209.58
1711	873.8	436.9	209.712
1712	874.3	437.15	209.832
1713	874.8	437.4	209.952
1714	875.3	437.65	210.072
1715	875.8	437.9	210.192
1716	876.35	438.175	210.324
1717	876.85	438.425	210.444
1718	877.35	438.675	210.564
1719	877.85	438.925	210.684
1720	878.4	439.2	210.816
1721	878.9	439.45	210.936
1722	879.4	439.7	211.056
1723	879.9	439.95	211.176
1724	880.4	440.2	211.296
1725	880.9	440.45	211.416
1726	881.45	440.725	211.548
1727	881.95	440.975	211.668
1728	882.45	441.225	211.788
1729	882.95	441.475	211.908
1730	883.45	441.725	212.028
1731	884	442	212.16
1732	884.5	442.25	212.28
1733	885	442.5	212.4
1734	885.5	442.75	212.52
1735	886	443	212.64
1736	886.55	443.275	212.772
1737	887.05	443.525	212.892
1738	887.55	443.775	213.012
1739	888.05	444.025	213.132
1740	888.55	444.275	213.252
1741	889.1	444.55	213.384
1742	889.6	444.8	213.504
1743	890.1	445.05	213.624
1744	890.6	445.3	213.744
1745	891.1	445.55	213.864
1746	891.6	445.8	213.984
1747	892.15	446.075	214.116
1748	892.65	446.325	214.236
1749	893.15	446.575	214.356
1750	893.65	446.825	214.476
1751	894.2	447.1	214.608
1752	894.7	447.35	214.728
1753	895.2	447.6	214.848
1754	895.7	447.85	214.968
1755	896.2	448.1	215.088
1756	896.75	448.375	215.22
1757	897.25	448.625	215.34
1758	897.75	448.875	215.46
1759	898.25	449.125	215.58
1760	898.8	449.4	215.712
1761	899.3	449.65	215.832
1762	899.8	449.9	215.952
1763	900.3	450.15	216.072
1764	900.8	450.4	216.192
1765	901.3	450.65	216.312
1766	901.85	450.925	216.444
1767	902.35	451.175	216.564
1768	902.85	451.425	216.684
1769	903.35	451.675	216.804
1770	903.85	451.925	216.924
1771	904.4	452.2	217.056
1772	904.9	452.45	217.176
1773	905.4	452.7	217.296
1774	905.9	452.95	217.416
1775	906.4	453.2	217.536
1776	906.95	453.475	217.668
1777	907.45	453.725	217.788
1778	907.95	453.975	217.908
1779	908.45	454.225	218.028
1780	908.95	454.475	218.148
1781	909.5	454.75	218.28
1782	910	455	218.4
1783	910.5	455.25	218.52
1784	911	455.5	218.64
1785	911.5	455.75	218.76
1786	912.05	456.025	218.892
1787	912.55	456.275	219.012
1788	913.05	456.525	219.132
1789	913.55	456.775	219.252
1790	914.1	457.05	219.384
1791	914.6	457.3	219.504
1792	915.1	457.55	219.624
1793	915.6	457.8	219.744
1794	916.1	458.05	219.864
1795	916.6	458.3	219.984
1796	917.15	458.575	220.116
1797	917.65	458.825	220.236
1798	918.15	459.075	220.356
1799	918.65	459.325	220.476
1800	919.15	459.575	220.596
1801	919.7	459.85	220.728
1802	920.2	460.1	220.848
1803	920.7	460.35	220.968
1804	921.2	460.6	221.088
1805	921.7	460.85	221.208
1806	922.2	461.1	221.328
1807	922.75	461.375	221.46
1808	923.25	461.625	221.58
1809	923.75	461.875	221.7
1810	924.25	462.125	221.82
1811	924.75	462.375	221.94
1812	925.3	462.65	222.072
1813	925.8	462.9	222.192
1814	926.3	463.15	222.312
1815	926.8	463.4	222.432
1816	927.3	463.65	222.552
1817	927.85	463.925	222.684
1818	928.35	464.175	222.804
1819	928.85	464.425	222.924
1820	929.35	464.675	223.044
1821	929.9	464.95	223.176
1822	930.4	465.2	223.296
1823	930.9	465.45	223.416
1824	931.4	465.7	223.536
1825	931.9	465.95	223.656
1826	932.45	466.225	223.788
1827	932.95	466.475	223.908
1828	933.45	466.725	224.028
1829	933.95	466.975	224.148
1830	934.45	467.225	224.268
1831	935	467.5	224.4
1832	935.5	467.75	224.52
1833	936	468	224.64
1834	936.5	468.25	224.76
1835	937	468.5	224.88
1836	937.55	468.775	225.012
1837	938.05	469.025	225.132
1838	938.55	469.275	225.252
1839	939.05	469.525	225.372
1840	939.6	469.8	225.504
1841	940.1	470.05	225.624
1842	940.6	470.3	225.744
1843	941.1	470.55	225.864
1844	941.6	470.8	225.984
1845	942.1	471.05	226.104
1846	942.65	471.325	226.236
1847	943.15	471.575	226.356
1848	943.65	471.825	226.476
1849	944.15	472.075	226.596
1850	944.7	472.35	226.728
1851	945.2	472.6	226.848
1852	945.7	472.85	226.968
1853	946.2	473.1	227.088
1854	946.7	473.35	227.208
1855	947.25	473.625	227.34
1856	947.75	473.875	227.46
1857	948.25	474.125	227.58
1858	948.75	474.375	227.7
1859	949.25	474.625	227.82
1860	949.8	474.9	227.952
1861	950.3	475.15	228.072
1862	950.8	475.4	228.192
1863	951.3	475.65	228.312
1864	951.8	475.9	228.432
1865	952.3	476.15	228.552
1866	952.85	476.425	228.684
1867	953.35	476.675	228.804
1868	953.85	476.925	228.924
1869	954.35	477.175	229.044
1870	954.9	477.45	229.176
1871	955.4	477.7	229.296
1872	955.9	477.95	229.416
1873	956.4	478.2	229.536
1874	956.9	478.45	229.656
1875	957.4	478.7	229.776
1876	957.95	478.975	229.908
1877	958.45	479.225	230.028
1878	958.95	479.475	230.148
1879	959.45	479.725	230.268
1880	960	480	230.4
1881	960.5	480.25	230.52
1882	961	480.5	230.64
1883	961.5	480.75	230.76
1884	962	481	230.88
1885	962.55	481.275	231.012
1886	963.05	481.525	231.132
1887	963.55	481.775	231.252
1888	964.05	482.025	231.372
1889	964.55	482.275	231.492
1890	965.1	482.55	231.624
1891	965.6	482.8	231.744
1892	966.1	483.05	231.864
1893	966.6	483.3	231.984
1894	967.1	483.55	232.104
1895	967.6	483.8	232.224
1896	968.15	484.075	232.356
1897	968.65	484.325	232.476
1898	969.15	484.575	232.596
1899	969.65	484.825	232.716
1900	970.2	485.1	232.848
1901	970.7	485.35	232.968
1902	971.2	485.6	233.088
1903	971.7	485.85	233.208
1904	972.2	486.1	233.328
1905	972.75	486.375	233.46
1906	973.25	486.625	233.58
1907	973.75	486.875	233.7
1908	974.25	487.125	233.82
1909	974.75	487.375	233.94
1910	975.3	487.65	234.072
1911	975.8	487.9	234.192
1912	976.3	488.15	234.312
1913	976.8	488.4	234.432
1914	977.3	488.65	234.552
1915	977.85	488.925	234.684
1916	978.35	489.175	234.804
1917	978.85	489.425	234.924
1918	979.35	489.675	235.044
1919	979.85	489.925	235.164
1920	980.4	490.2	235.296
1921	980.9	490.45	235.416
1922	981.4	490.7	235.536
1923	981.9	490.95	235.656
1924	982.4	491.2	235.776
1925	982.9	491.45	235.896
1926	983.45	491.725	236.028
1927	983.95	491.975	236.148
1928	984.45	492.225	236.268
1929	984.95	492.475	236.388
1930	985.5	492.75	236.52
1931	986	493	236.64
1932	986.5	493.25	236.76
1933	987	493.5	236.88
1934	987.5	493.75	237
1935	988	494	237.12
1936	988.55	494.275	237.252
1937	989.05	494.525	237.372
1938	989.55	494.775	237.492
1939	990.05	495.025	237.612
1940	990.6	495.3	237.744
1941	991.1	495.55	237.864
1942	991.6	495.8	237.984
1943	992.1	496.05	238.104
1944	992.6	496.3	238.224
1945	993.15	496.575	238.356
1946	993.65	496.825	238.476
1947	994.15	497.075	238.596
1948	994.65	497.325	238.716
1949	995.15	497.575	238.836
1950	995.7	497.85	238.968
1951	996.2	498.1	239.088
1952	996.7	498.35	239.208
1953	997.2	498.6	239.328
1954	997.7	498.85	239.448
1955	998.25	499.125	239.58
1956	998.75	499.375	239.7
1957	999.25	499.625	239.82
1958	999.75	499.875	239.94
1959	1000.25	500.125	240.06
1960	1000.8	500.4	240.192
1961	1001.3	500.65	240.312
1962	1001.8	500.9	240.432
1963	1002.3	501.15	240.552
1964	1002.8	501.4	240.672
1965	1003.35	501.675	240.804
1966	1003.85	501.925	240.924
1967	1004.35	502.175	241.044
1968	1004.85	502.425	241.164
1969	1005.35	502.675	241.284
1970	1005.9	502.95	241.416
1971	1006.4	503.2	241.536
1972	1006.9	503.45	241.656
1973	1007.4	503.7	241.776
1974	1007.9	503.95	241.896
1975	1008.45	504.225	242.028
1976	1008.95	504.475	242.148
1977	1009.45	504.725	242.268
1978	1009.95	504.975	242.388
1979	1010.45	505.225	242.508
1980	1011	505.5	242.64
1981	1011.5	505.75	242.76
1982	1012	506	242.88
1983	1012.5	506.25	243
1984	1013	506.5	243.12
1985	1013.55	506.775	243.252
1986	1014.05	507.025	243.372
1987	1014.55	507.275	243.492
1988	1015.05	507.525	243.612
1989	1015.55	507.775	243.732
1990	1016.1	508.05	243.864
1991	1016.6	508.3	243.984
1992	1017.1	508.55	244.104
1993	1017.6	508.8	244.224
1994	1018.1	509.05	244.344
1995	1018.65	509.325	244.476
1996	1019.15	509.575	244.596
1997	1019.65	509.825	244.716
1998	1020.15	510.075	244.836
1999	1020.7	510.35	244.968
2000	1021.2	510.6	245.088
2001	1021.7	510.85	245.208
2002	1022.2	511.1	245.328
2003	1022.7	511.35	245.448
2004	1023.25	511.625	245.58
2005	1023.75	511.875	245.7
2006	1024.25	512.125	245.82
2007	1024.75	512.375	245.94
2008	1025.25	512.625	246.06
2009	1025.8	512.9	246.192
2010	1026.3	513.15	246.312
2011	1026.8	513.4	246.432
2012	1027.3	513.65	246.552
2013	1027.8	513.9	246.672
2014	1028.35	514.175	246.804
2015	1028.85	514.425	246.924
2016	1029.35	514.675	247.044
2017	1029.85	514.925	247.164
2018	1030.35	515.175	247.284
2019	1030.9	515.45	247.416
2020	1031.4	515.7	247.536
2021	1031.9	515.95	247.656
2022	1032.4	516.2	247.776
2023	1032.95	516.475	247.908
2024	1033.45	516.725	248.028
2025	1033.95	516.975	248.148
2026	1034.45	517.225	248.268
2027	1034.95	517.475	248.388
2028	1035.5	517.75	248.52
2029	1036	518	248.64
2030	1036.5	518.25	248.76
2031	1037	518.5	248.88
2032	1037.5	518.75	249
2033	1038.05	519.025	249.132
2034	1038.55	519.275	249.252
2035	1039.05	519.525	249.372
2036	1039.55	519.775	249.492
2037	1040.05	520.025	249.612
2038	1040.6	520.3	249.744
2039	1041.1	520.55	249.864
2040	1041.6	520.8	249.984
2041	1042.1	521.05	250.104
2042	1042.6	521.3	250.224
2043	1043.15	521.575	250.356
2044	1043.65	521.825	250.476
2045	1044.15	522.075	250.596
2046	1044.65	522.325	250.716
2047	1045.15	522.575	250.836
2048	1045.7	522.85	250.968
2049	1046.2	523.1	251.088
2050	1046.7	523.35	251.208
2051	1047.2	523.6	251.328
2052	1047.7	523.85	251.448
2053	1048.25	524.125	251.58
2054	1048.75	524.375	251.7
2055	1049.25	524.625	251.82
2056	1049.75	524.875	251.94
2057	1050.25	525.125	252.06
2058	1050.8	525.4	252.192
2059	1051.3	525.65	252.312
2060	1051.8	525.9	252.432
2061	1052.3	526.15	252.552
2062	1052.8	526.4	252.672
2063	1053.35	526.675	252.804
2064	1053.85	526.925	252.924
2065	1054.35	527.175	253.044
2066	1054.85	527.425	253.164
2067	1055.35	527.675	253.284
2068	1055.9	527.95	253.416
2069	1056.4	528.2	253.536
2070	1056.9	528.45	253.656
2071	1057.4	528.7	253.776
2072	1057.95	528.975	253.908
2073	1058.45	529.225	254.028
2074	1058.95	529.475	254.148
2075	1059.45	529.725	254.268
2076	1059.95	529.975	254.388
2077	1060.5	530.25	254.52
2078	1061	530.5	254.64
2079	1061.5	530.75	254.76
2080	1062	531	254.88
2081	1062.55	531.275	255.012
2082	1063.05	531.525	255.132
2083	1063.55	531.775	255.252
2084	1064.05	532.025	255.372
2085	1064.55	532.275	255.492
2086	1065.05	532.525	255.612
2087	1065.6	532.8	255.744
2088	1066.1	533.05	255.864
2089	1066.6	533.3	255.984
2090	1067.1	533.55	256.104
2091	1067.65	533.825	256.236
2092	1068.15	534.075	256.356
2093	1068.65	534.325	256.476
2094	1069.15	534.575	256.596
2095	1069.65	534.825	256.716
2096	1070.2	535.1	256.848
2097	1070.7	535.35	256.968
2098	1071.2	535.6	257.088
2099	1071.7	535.85	257.208
2100	1072.25	536.125	257.34
2101	1072.75	536.375	257.46
2102	1073.25	536.625	257.58
2103	1073.75	536.875	257.7
2104	1074.25	537.125	257.82
2105	1074.75	537.375	257.94
2106	1075.3	537.65	258.072
2107	1075.8	537.9	258.192
2108	1076.3	538.15	258.312
2109	1076.8	538.4	258.432
2110	1077.3	538.65	258.552
2111	1077.85	538.925	258.684
2112	1078.35	539.175	258.804
2113	1078.85	539.425	258.924
2114	1079.35	539.675	259.044
2115	1079.85	539.925	259.164
2116	1080.4	540.2	259.296
2117	1080.9	540.45	259.416
2118	1081.4	540.7	259.536
2119	1081.9	540.95	259.656
2120	1082.45	541.225	259.788
2121	1082.95	541.475	259.908
2122	1083.45	541.725	260.028
2123	1083.95	541.975	260.148
2124	1084.45	542.225	260.268
2125	1084.95	542.475	260.388
2126	1085.5	542.75	260.52
2127	1086	543	260.64
2128	1086.5	543.25	260.76
2129	1087	543.5	260.88
2130	1087.5	543.75	261
2131	1088.05	544.025	261.132
2132	1088.55	544.275	261.252
2133	1089.05	544.525	261.372
2134	1089.55	544.775	261.492
2135	1090.05	545.025	261.612
2136	1090.6	545.3	261.744
2137	1091.1	545.55	261.864
2138	1091.6	545.8	261.984
2139	1092.1	546.05	262.104
2140	1092.65	546.325	262.236
2141	1093.15	546.575	262.356
2142	1093.65	546.825	262.476
2143	1094.15	547.075	262.596
2144	1094.65	547.325	262.716
2145	1095.2	547.6	262.848
2146	1095.7	547.85	262.968
2147	1096.2	548.1	263.088
2148	1096.7	548.35	263.208
2149	1097.2	548.6	263.328
2150	1097.75	548.875	263.46
2151	1098.25	549.125	263.58
2152	1098.75	549.375	263.7
2153	1099.25	549.625	263.82
2154	1099.75	549.875	263.94
2155	1100.3	550.15	264.072
2156	1100.8	550.4	264.192
2157	1101.3	550.65	264.312
2158	1101.8	550.9	264.432
2159	1102.3	551.15	264.552
2160	1102.85	551.425	264.684
2161	1103.35	551.675	264.804
2162	1103.85	551.925	264.924
2163	1104.35	552.175	265.044
2164	1104.85	552.425	265.164
2165	1105.4	552.7	265.296
2166	1105.9	552.95	265.416
2167	1106.4	553.2	265.536
2168	1106.9	553.45	265.656
2169	1107.4	553.7	265.776
2170	1107.95	553.975	265.908
2171	1108.45	554.225	266.028
2172	1108.95	554.475	266.148
2173	1109.45	554.725	266.268
2174	1109.95	554.975	266.388
2175	1110.5	555.25	266.52
2176	1111	555.5	266.64
2177	1111.5	555.75	266.76
2178	1112	556	266.88
2179	1112.55	556.275	267.012
2180	1113.05	556.525	267.132
2181	1113.55	556.775	267.252
2182	1114.05	557.025	267.372
2183	1114.55	557.275	267.492
2184	1115.05	557.525	267.612
2185	1115.6	557.8	267.744
2186	1116.1	558.05	267.864
2187	1116.6	558.3	267.984
2188	1117.1	558.55	268.104
2189	1117.6	558.8	268.224
2190	1118.15	559.075	268.356
2191	1118.65	559.325	268.476
2192	1119.15	559.575	268.596
2193	1119.65	559.825	268.716
2194	1120.15	560.075	268.836
2195	1120.7	560.35	268.968
2196	1121.2	560.6	269.088
2197	1121.7	560.85	269.208
