1	1175.14	9748.33	9057.05
2	1183.81	9814.62	9060.11
3	1192.48	9880.92	9063.17
4	1201.18	9947.85	9066.25
5	1209.85	10014.1	9069.31
6	1218.52	10080.5	9072.37
7	1227.24	10146.8	9075.44
8	1235.91	10213.1	9078.5
9	1244.58	10279.4	9081.56
10	1253.25	10345.7	9084.62
11	1261.92	10412	9087.68
12	1270.59	10478.3	9090.74
13	1279.31	10544.6	9093.81
14	1287.98	10610.9	9096.87
15	1296.65	10677.2	9099.93
16	1305.32	10743.5	9102.99
17	1313.99	10809.8	9106.05
18	1322.71	10876.1	9109.12
19	1331.38	10942.4	9112.18
20	1340.05	11008.7	9115.24
21	1348.72	11075	9118.3
22	1357.39	11141.3	9121.36
23	1366.11	11207.6	9124.43
24	1374.78	11274	9127.49
25	1383.45	11340.2	9130.55
26	1392.12	11406.5	9133.61
27	1400.84	11472.9	9136.69
28	1409.51	11539.2	9139.75
29	1418.18	11605.5	9142.81
30	1426.85	11671.8	9145.87
31	1435.52	11738.1	9148.93
32	1444.24	11804.4	9152
33	1452.91	11870.7	9155.06
34	1461.58	11937	9158.12
35	1470.25	12003.3	9161.18
36	1478.96	12070.2	9164.26
37	1487.63	12136.5	9167.32
38	1496.3	12202.8	9170.38
39	1505.02	12269.1	9173.45
40	1512.95	12322.3	9176.13
41	1521.97	12394.9	9179.37
42	1525.89	12464.9	9181.39
43	1529.46	12528.6	9183.22
44	1547.88	12599.8	9188.62
45	1554.5	12665.1	9191.19
46	1565.72	12732.6	9194.86
47	1574.39	12799	9197.92
48	1583.06	12865.2	9200.98
49	1591.78	12931.6	9204.05
50	1600.45	12997.9	9207.11
51	1609.12	13064.2	9210.17
52	1617.79	13130.5	9213.23
53	1626.46	13196.8	9216.29
54	1635.13	13263.1	9219.35
55	1643.8	13329.4	9222.41
56	1652.47	13395.7	9225.47
57	1661.23	13462.6	9228.56
58	1669.9	13528.9	9231.62
59	1678.57	13595.2	9234.68
60	1687.24	13661.5	9237.74
61	1695.91	13727.8	9240.8
62	1704.58	13794.1	9243.86
63	1713.2	13860.4	9246.91
64	1721.92	13926.7	9249.98
65	1730.54	13993	9253.03
66	1739.26	14059.3	9256.1
67	1747.93	14125.6	9259.16
68	1756.6	14191.9	9262.22
69	1765.27	14258.2	9265.28
70	1773.94	14324.5	9268.34
71	1782.61	14390.8	9271.4
72	1791.28	14457.1	9274.46
73	1799.95	14523.4	9277.52
74	1808.62	14589.7	9280.58
75	1817.29	14656	9283.64
76	1825.96	14722.3	9286.7
77	1834.63	14788.6	9289.76
78	1843.3	14854.9	9292.82
79	1851.97	14921.2	9295.88
80	1860.64	14987.5	9298.94
81	1869.66	15060.1	9302.18
82	1877.98	15120.1	9305.06
83	1886.65	15186.4	9308.12
84	1895.32	15252.7	9311.18
85	1903.99	15319	9314.24
86	1912.66	15385.3	9317.3
87	1921.33	15451.6	9320.36
88	1930	15517.9	9323.42
89	1938.67	15584.2	9326.48
90	1947.34	15650.5	9329.54
91	1956.01	15716.8	9332.6
92	1964.68	15783.1	9335.66
93	1973.35	15849.4	9338.72
94	1982.02	15915.7	9341.78
95	1990.69	15982	9344.84
96	1999.36	16048.3	9347.9
97	2008.03	16114.6	9350.96
98	2016.7	16180.9	9354.02
99	2025.37	16247.2	9357.08
100	2034.04	16313.5	9360.14
101	2042.71	16379.8	9363.2
102	2051.38	16446.1	9366.26
103	2060.05	16512.4	9369.32
104	2068.8	16579.4	9372.41
105	2077.47	16645.7	9375.47
106	2086.09	16712	9378.52
107	2094.76	16778.2	9381.58
108	2103.43	16844.5	9384.64
109	2112.15	16910.9	9387.71
110	2120.82	16977.2	9390.77
111	2129.49	17043.5	9393.83
112	2138.16	17109.8	9396.89
113	2146.83	17176.1	9399.95
114	2155.5	17242.4	9403.01
115	2164.17	17308.7	9406.07
116	2172.84	17375	9409.13
117	2181.51	17441.3	9412.19
118	2190.18	17507.6	9415.25
119	2198.85	17573.9	9418.31
120	2207.52	17640.2	9421.37
121	2216.19	17706.5	9424.43
122	2224.86	17772.8	9427.49
123	2233.53	17839.1	9430.55
124	2242.2	17905.4	9433.61
125	2250.87	17971.7	9436.67
126	2259.54	18038	9439.73
127	2268.21	18104.3	9442.79
128	2276.88	18170.6	9445.85
129	2285.55	18236.9	9448.91
130	2294.22	18303.2	9451.97
131	2302.93	18370.1	9455.05
132	2311.6	18436.4	9458.11
133	2320.27	18502.7	9461.17
134	2328.94	18569	9464.23
135	2337.66	18635.3	9467.3
136	2346.33	18701.6	9470.36
137	2355	18767.9	9473.42
138	2363.67	18834.2	9476.48
139	2372.34	18900.5	9479.54
140	2381.01	18966.8	9482.6
141	2389.63	19033.1	9485.65
142	2398.3	19099.4	9488.71
143	2407.02	19165.7	9491.78
144	2415.69	19232	9494.84
145	2424.36	19298.3	9497.9
146	2433.03	19364.6	9500.96
147	2441.7	19430.9	9504.02
148	2450.37	19497.2	9507.08
149	2458.99	19563.5	9510.13
150	2467.71	19629.8	9513.2
151	2476.38	19696.1	9516.26
152	2485.01	19761.8	9519.31
153	2493.63	19828.1	9522.35
154	2502.34	19895	9525.43
155	2511.01	19961.3	9528.49
156	2519.73	20027.6	9531.56
157	2528.4	20093.9	9534.62
158	2537.07	20160.2	9537.68
159	2545.74	20226.5	9540.74
160	2554.41	20292.8	9543.8
161	2563.08	20359.1	9546.86
162	2571.75	20425.4	9549.92
163	2580.77	20498	9553.16
164	2589.09	20558	9556.04
165	2597.76	20624.3	9559.1
166	2606.43	20690.6	9562.16
167	2615.1	20756.9	9565.22
168	2623.77	20823.2	9568.28
169	2632.44	20889.5	9571.34
170	2641.11	20955.8	9574.4
171	2649.78	21022.1	9577.46
172	2658.45	21088.4	9580.52
173	2667.12	21154.7	9583.58
174	2675.79	21221	9586.64
175	2684.46	21287.3	9589.7
176	2693.13	21353.6	9592.76
177	2701.8	21419.9	9595.82
178	2710.47	21486.2	9598.88
179	2719.14	21552.5	9601.94
180	2727.81	21618.8	9605
181	2736.48	21685.1	9608.06
182	2745.15	21751.4	9611.12
183	2753.82	21817.7	9614.18
184	2762.49	21884	9617.24
185	2771.16	21950.3	9620.3
186	2779.83	22016.6	9623.36
187	2788.5	22082.9	9626.42
188	2797.17	22149.2	9629.48
189	2805.84	22215.5	9632.54
190	2814.51	22281.8	9635.6
191	2823.18	22348.1	9638.66
192	2831.85	22414.4	9641.72
193	2840.52	22480.7	9644.78
194	2849.19	22547	9647.84
195	2857.86	22613.3	9650.9
196	2866.53	22679.6	9653.96
197	2875.2	22745.9	9657.02
198	2883.87	22812.2	9660.08
199	2892.54	22878.5	9663.14
200	2901.21	22944.8	9666.2
201	2909.88	23011.1	9669.26
202	2918.55	23077.4	9672.32
203	2927.22	23143.7	9675.38
204	2935.89	23210	9678.44
205	2944.56	23276.3	9681.5
206	2953.26	23343.2	9684.58
207	2961.93	23409.5	9687.64
208	2970.65	23475.9	9690.71
209	2979.32	23542.2	9693.77
210	2987.99	23608.5	9696.83
211	2996.66	23674.8	9699.89
212	3005.33	23741.1	9702.95
213	3014	23807.4	9706.01
214	3022.67	23873.7	9709.07
215	3031.34	23940	9712.13
216	3040.01	24006.3	9715.19
217	3048.68	24072.6	9718.25
218	3057.35	24138.9	9721.31
219	3066.02	24205.2	9724.37
