1	0	0	0	1587661524528212	-1	-1	1
2	0.55	0.275	0.132	1587661524538419	1587661524539408	989	0
3	1.05	0.525	0.252	1587661524548584	1587661524549245	661	0
4	1.55	0.775	0.372	1587661524558742	1587661524559390	648	0
5	2.05	1.025	0.492	1587661524568900	1587661524569540	640	0
6	2.6	1.3	0.624	1587661524579064	1587661524579705	641	0
7	3.1	1.55	0.744	1587661524589236	1587661524589864	628	0
8	3.6	1.8	0.864	1587661524599406	1587661524600054	648	0
9	4.1	2.05	0.984	1587661524609580	1587661524610120	540	0
10	4.6	2.3	1.104	1587661524619776	1587661524620433	657	0
11	5.1	2.55	1.224	1587661524629925	1587661524630567	642	0
12	5.65	2.825	1.356	1587661524640088	1587661524640734	646	0
13	6.15	3.075	1.476	1587661524650267	1587661524650915	648	0
14	6.65	3.325	1.596	1587661524660432	1587661524661076	644	0
15	7.15	3.575	1.716	1587661524670601	1587661524671252	651	0
16	7.65	3.825	1.836	1587661524680769	1587661524681421	652	0
17	8.15	4.075	1.956	1587661524690932	1587661524691578	646	0
18	8.7	4.35	2.088	1587661524701093	1587661524701727	634	0
19	9.2	4.6	2.208	1587661524711250	1587661524711892	642	0
20	9.7	4.85	2.328	1587661524721440	1587661524722059	619	0
21	10.2	5.1	2.448	1587661524731596	1587661524732243	647	0
22	10.7	5.35	2.568	1587661524741757	1587661524742372	615	0
23	11.2	5.6	2.688	1587661524751926	1587661524752571	645	0
24	11.75	5.875	2.82	1587661524762100	1587661524762741	641	0
25	12.25	6.125	2.94	1587661524772266	1587661524772913	647	0
26	12.75	6.375	3.06	1587661524782451	1587661524783094	643	0
27	13.25	6.625	3.18	1587661524792594	1587661524793245	651	0
28	13.75	6.875	3.3	1587661524802756	1587661524803378	622	0
29	14.25	7.125	3.42	1587661524812916	1587661524813535	619	0
30	14.8	7.4	3.552	1587661524823123	1587661524823783	660	0
31	15.3	7.65	3.672	1587661524833283	1587661524833893	610	0
32	15.8	7.9	3.792	1587661524843444	1587661524844066	622	0
33	16.3	8.15	3.912	1587661524853613	1587661524854187	574	0
34	16.8	8.4	4.032	1587661524863780	1587661524864431	651	0
35	17.3	8.65	4.152	1587661524873938	1587661524874584	646	0
36	17.85	8.925	4.284	1587661524884103	1587661524884746	643	0
37	18.35	9.175	4.404	1587661524894296	1587661524894951	655	0
38	18.85	9.425	4.524	1587661524904461	1587661524905106	645	0
39	19.35	9.675	4.644	1587661524914622	1587661524915213	591	0
40	19.85	9.925	4.764	1587661524924809	1587661524925441	632	0
41	20.35	10.175	4.884	1587661524934980	1587661524935597	617	0
42	20.9	10.45	5.016	1587661524945145	1587661524945755	610	0
43	21.4	10.7	5.136	1587661524955317	1587661524955938	621	0
44	21.9	10.95	5.256	1587661524965482	1587661524966045	563	0
45	22.4	11.2	5.376	1587661524975651	1587661524976272	621	0
46	22.9	11.45	5.496	1587661524985814	1587661524986403	589	0
47	23.4	11.7	5.616	1587661524995980	1587661524996596	616	0
48	23.95	11.975	5.748	1587661525006165	1587661525006825	660	0
49	24.45	12.225	5.868	1587661525016338	1587661525016981	643	0
50	24.95	12.475	5.988	1587661525026537	1587661525027193	656	0
51	25.45	12.725	6.108	1587661525036691	1587661525037333	642	0
52	25.95	12.975	6.228	1587661525046872	1587661525047515	643	0
53	26.5	13.25	6.36	1587661525057041	1587661525057668	627	0
54	27	13.5	6.48	1587661525067207	1587661525067854	647	0
55	27.5	13.75	6.6	1587661525077373	1587661525077941	568	0
56	28	14	6.72	1587661525087539	1587661525088190	651	0
57	28.5	14.25	6.84	1587661525097702	1587661525098347	645	0
58	29	14.5	6.96	1587661525107872	1587661525108515	643	0
59	29.55	14.775	7.092	1587661525118042	1587661525118689	647	0
60	30.05	15.025	7.212	1587661525128232	1587661525128895	663	0
61	30.55	15.275	7.332	1587661525138394	1587661525139037	643	0
62	31.05	15.525	7.452	1587661525148560	1587661525149204	644	0
63	31.55	15.775	7.572	1587661525158730	1587661525159375	645	0
64	32.05	16.025	7.692	1587661525168919	1587661525169591	672	0
65	32.6	16.3	7.824	1587661525179085	1587661525179732	647	0
66	33.1	16.55	7.944	1587661525189252	1587661525189831	579	0
67	33.6	16.8	8.064	1587661525199447	1587661525200088	641	0
68	34.1	17.05	8.184	1587661525209617	1587661525210194	577	0
69	34.6	17.3	8.304	1587661525219790	1587661525220440	650	0
70	35.1	17.55	8.424	1587661525229979	1587661525230635	656	0
71	35.65	17.825	8.556	1587661525240136	1587661525240797	661	0
72	36.15	18.075	8.676	1587661525250322	1587661525250970	648	0
73	36.65	18.325	8.796	1587661525260485	1587661525261130	645	0
74	37.15	18.575	8.916	1587661525270653	1587661525271301	648	0
75	37.65	18.825	9.036	1587661525280838	1587661525281470	632	0
76	38.15	19.075	9.156	1587661525291005	1587661525291649	644	0
77	38.7	19.35	9.288	1587661525301175	1587661525301748	573	0
78	39.2	19.6	9.408	1587661525311350	1587661525311966	616	0
79	39.7	19.85	9.528	1587661525321518	1587661525322092	574	0
80	40.2	20.1	9.648	1587661525331712	1587661525332340	628	0
81	40.7	20.35	9.768	1587661525341864	1587661525342487	623	0
82	41.2	20.6	9.888	1587661525352003	1587661525352552	549	0
83	41.75	20.875	10.02	1587661525362170	1587661525362791	621	0
84	42.25	21.125	10.14	1587661525372347	1587661525372969	622	0
85	42.75	21.375	10.26	1587661525382518	1587661525383138	620	0
86	43.25	21.625	10.38	1587661525392685	1587661525393301	616	0
87	43.75	21.875	10.5	1587661525402853	1587661525403471	618	0
88	44.25	22.125	10.62	1587661525413020	1587661525413634	614	0
89	44.8	22.4	10.752	1587661525423197	1587661525423814	617	0
90	45.3	22.65	10.872	1587661525433387	1587661525433927	540	0
91	45.8	22.9	10.992	1587661525443545	1587661525444163	618	0
92	46.3	23.15	11.112	1587661525453707	1587661525454234	527	0
93	46.8	23.4	11.232	1587661525463890	1587661525464511	621	0
94	47.35	23.675	11.364	1587661525474070	1587661525474686	616	0
95	47.85	23.925	11.484	1587661525484237	1587661525484865	628	0
96	48.35	24.175	11.604	1587661525494413	1587661525495035	622	0
97	48.85	24.425	11.724	1587661525504584	1587661525505199	615	0
98	49.35	24.675	11.844	1587661525514746	1587661525515340	594	0
99	49.85	24.925	11.964	1587661525524913	1587661525525517	604	0
100	50.4	25.2	12.096	1587661525535114	1587661525535742	628	0
101	50.9	25.45	12.216	1587661525545277	1587661525545848	571	0
102	51.4	25.7	12.336	1587661525555444	1587661525556068	624	0
103	51.9	25.95	12.456	1587661525565618	1587661525566130	512	0
104	52.4	26.2	12.576	1587661525575787	1587661525576404	617	0
105	52.9	26.45	12.696	1587661525585954	1587661525586572	618	0
106	53.45	26.725	12.828	1587661525596121	1587661525596734	613	0
107	53.95	26.975	12.948	1587661525606304	1587661525606923	619	0
108	54.45	27.225	13.068	1587661525616473	1587661525617085	612	0
109	54.95	27.475	13.188	1587661525626643	1587661525627257	614	0
110	55.45	27.725	13.308	1587661525636832	1587661525637461	629	0
111	55.95	27.975	13.428	1587661525646992	1587661525647610	618	0
112	56.5	28.25	13.56	1587661525657173	1587661525657778	605	0
113	57	28.5	13.68	1587661525667349	1587661525667965	616	0
114	57.5	28.75	13.8	1587661525677517	1587661525678081	564	0
115	58	29	13.92	1587661525687689	1587661525688307	618	0
116	58.5	29.25	14.04	1587661525697853	1587661525698441	588	0
117	59	29.5	14.16	1587661525708021	1587661525708642	621	0
118	59.55	29.775	14.292	1587661525718188	1587661525718812	624	0
119	60.05	30.025	14.412	1587661525728352	1587661525728969	617	0
120	60.55	30.275	14.532	1587661525738540	1587661525739130	590	0
121	61.05	30.525	14.652	1587661525748697	1587661525750253	1556	0
122	61.55	30.775	14.772	1587661525758859	1587661525759480	621	0
123	62.05	31.025	14.892	1587661525769020	1587661525769669	649	0
124	62.6	31.3	15.024	1587661525779180	1587661525779794	614	0
125	63.1	31.55	15.144	1587661525789342	1587661525789913	571	0
126	63.6	31.8	15.264	1587661525799509	1587661525800127	618	0
127	64.1	32.05	15.384	1587661525809684	1587661525810239	555	0
128	64.6	32.3	15.504	1587661525819854	1587661525820477	623	0
129	65.1	32.55	15.624	1587661525830024	1587661525830645	621	0
130	65.65	32.825	15.756	1587661525840224	1587661525840849	625	0
131	66.15	33.075	15.876	1587661525850382	1587661525851531	1149	0
132	66.65	33.325	15.996	1587661525860566	1587661525861183	617	0
133	67.15	33.575	16.116	1587661525870735	1587661525871350	615	0
134	67.65	33.825	16.236	1587661525880905	1587661525881501	596	0
135	68.2	34.1	16.368	1587661525891076	1587661525891702	626	0
136	68.7	34.35	16.488	1587661525901243	1587661525901805	562	0
137	69.2	34.6	16.608	1587661525911423	1587661525912040	617	0
138	69.7	34.85	16.728	1587661525921610	1587661525922116	506	0
139	70.2	35.1	16.848	1587661525931784	1587661525932398	614	0
140	70.7	35.35	16.968	1587661525941969	1587661525942595	626	0
141	71.25	35.625	17.1	1587661525952128	1587661525952748	620	0
142	71.75	35.875	17.22	1587661525962316	1587661525962934	618	0
143	72.25	36.125	17.34	1587661525972484	1587661525973102	618	0
144	72.75	36.375	17.46	1587661525982651	1587661525983270	619	0
145	73.25	36.625	17.58	1587661525992819	1587661525993423	604	0
146	73.75	36.875	17.7	1587661526002986	1587661526003600	614	0
147	74.3	37.15	17.832	1587661526013153	1587661526013748	595	0
148	74.8	37.4	17.952	1587661526023315	1587661526023932	617	0
149	75.3	37.65	18.072	1587661526033483	1587661526034044	561	0
150	75.8	37.9	18.192	1587661526043677	1587661526044306	629	0
151	76.3	38.15	18.312	1587661526053799	1587661526054377	578	0
152	76.8	38.4	18.432	1587661526063967	1587661526064580	613	0
153	77.35	38.675	18.564	1587661526074135	1587661526074744	609	0
154	77.85	38.925	18.684	1587661526084300	1587661526084888	588	0
155	78.35	39.175	18.804	1587661526094487	1587661526095107	620	0
156	78.85	39.425	18.924	1587661526104657	1587661526105272	615	0
157	79.35	39.675	19.044	1587661526114820	1587661526115405	585	0
158	79.85	39.925	19.164	1587661526125008	1587661526125641	633	0
159	80.4	40.2	19.296	1587661526135175	1587661526135804	629	0
160	80.9	40.45	19.416	1587661526145376	1587661526145924	548	0
161	81.4	40.7	19.536	1587661526155555	1587661526156176	621	0
162	81.9	40.95	19.656	1587661526165719	1587661526166254	535	0
163	82.4	41.2	19.776	1587661526175879	1587661526176497	618	0
164	82.95	41.475	19.908	1587661526186059	1587661526186668	609	0
165	83.45	41.725	20.028	1587661526196226	1587661526196843	617	0
166	83.95	41.975	20.148	1587661526206394	1587661526207010	616	0
167	84.45	42.225	20.268	1587661526216560	1587661526217176	616	0
168	84.95	42.475	20.388	1587661526226736	1587661526227353	617	0
169	85.45	42.725	20.508	1587661526236906	1587661526237508	602	0
170	86	43	20.64	1587661526247100	1587661526247728	628	0
171	86.5	43.25	20.76	1587661526257259	1587661526257820	561	0
172	87	43.5	20.88	1587661526267423	1587661526268044	621	0
173	87.5	43.75	21	1587661526277611	1587661526278130	519	0
174	88	44	21.12	1587661526287782	1587661526288401	619	0
175	88.5	44.25	21.24	1587661526297946	1587661526298567	621	0
176	89.05	44.525	21.372	1587661526308114	1587661526308730	616	0
177	89.55	44.775	21.492	1587661526318302	1587661526318923	621	0
178	90.05	45.025	21.612	1587661526328474	1587661526329096	622	0
179	90.55	45.275	21.732	1587661526338644	1587661526339261	617	0
180	91.05	45.525	21.852	1587661526348834	1587661526349470	636	0
181	91.55	45.775	21.972	1587661526358992	1587661526359611	619	0
182	92.1	46.05	22.104	1587661526369162	1587661526369734	572	0
183	92.6	46.3	22.224	1587661526379335	1587661526379959	624	0
184	93.1	46.55	22.344	1587661526389503	1587661526390129	626	0
185	93.6	46.8	22.464	1587661526399670	1587661526400294	624	0
186	94.1	47.05	22.584	1587661526409835	1587661526410427	592	0
187	94.6	47.3	22.704	1587661526420005	1587661526420627	622	0
188	95.15	47.575	22.836	1587661526430175	1587661526430798	623	0
189	95.65	47.825	22.956	1587661526440342	1587661526440966	624	0
190	96.15	48.075	23.076	1587661526450534	1587661526451168	634	0
191	96.65	48.325	23.196	1587661526460692	1587661526461315	623	0
192	97.15	48.575	23.316	1587661526470860	1587661526471489	629	0
193	97.65	48.825	23.436	1587661526481026	1587661526481665	639	0
194	98.2	49.1	23.568	1587661526491193	1587661526491815	622	0
195	98.7	49.35	23.688	1587661526501370	1587661526501957	587	0
196	99.2	49.6	23.808	1587661526511552	1587661526512179	627	0
197	99.7	49.85	23.928	1587661526521715	1587661526522305	590	0
198	100.2	50.1	24.048	1587661526531885	1587661526532507	622	0
199	100.75	50.375	24.18	1587661526542054	1587661526542673	619	0
200	101.25	50.625	24.3	1587661526552249	1587661526552884	635	0
201	101.75	50.875	24.42	1587661526562408	1587661526563031	623	0
202	102.25	51.125	24.54	1587661526572576	1587661526573195	619	0
203	102.75	51.375	24.66	1587661526582744	1587661526583368	624	0
204	103.25	51.625	24.78	1587661526592911	1587661526593529	618	0
205	103.8	51.9	24.912	1587661526603083	1587661526603709	626	0
206	104.3	52.15	25.032	1587661526613249	1587661526613803	554	0
207	104.8	52.4	25.152	1587661526623417	1587661526624038	621	0
208	105.3	52.65	25.272	1587661526633646	1587661526634174	528	0
209	105.8	52.9	25.392	1587661526643818	1587661526644439	621	0
210	106.3	53.15	25.512	1587661526653981	1587661526654610	629	0
211	106.85	53.425	25.644	1587661526664144	1587661526664766	622	0
212	107.35	53.675	25.764	1587661526674311	1587661526674933	622	0
213	107.85	53.925	25.884	1587661526684487	1587661526685109	622	0
214	108.35	54.175	26.004	1587661526694655	1587661526695272	617	0
215	108.85	54.425	26.124	1587661526704826	1587661526705460	634	0
216	109.35	54.675	26.244	1587661526714998	1587661526715614	616	0
217	109.9	54.95	26.376	1587661526725165	1587661526725776	611	0
218	110.4	55.2	26.496	1587661526735337	1587661526735961	624	0
219	110.9	55.45	26.616	1587661526745505	1587661526746075	570	0
220	111.4	55.7	26.736	1587661526755701	1587661526756328	627	0
221	111.9	55.95	26.856	1587661526765855	1587661526766482	627	0
222	112.4	56.2	26.976	1587661526776025	1587661526776644	619	0
223	112.95	56.475	27.108	1587661526786192	1587661526786817	625	0
224	113.45	56.725	27.228	1587661526796360	1587661526796980	620	0
225	113.95	56.975	27.348	1587661526806537	1587661526807156	619	0
226	114.45	57.225	27.468	1587661526816706	1587661526817327	621	0
227	114.95	57.475	27.588	1587661526826875	1587661526827494	619	0
228	115.5	57.75	27.72	1587661526837057	1587661526837675	618	0
229	116	58	27.84	1587661526847235	1587661526847854	619	0
230	116.5	58.25	27.96	1587661526857433	1587661526858002	569	0
231	117	58.5	28.08	1587661526867591	1587661526868209	618	0
232	117.5	58.75	28.2	1587661526877757	1587661526878345	588	0
233	118	59	28.32	1587661526887922	1587661526888545	623	0
234	118.55	59.275	28.452	1587661526898099	1587661526898717	618	0
235	119.05	59.525	28.572	1587661526908267	1587661526908885	618	0
236	119.55	59.775	28.692	1587661526918447	1587661526919067	620	0
237	120.05	60.025	28.812	1587661526928616	1587661526929234	618	0
238	120.55	60.275	28.932	1587661526938785	1587661526939402	617	0
239	121.05	60.525	29.052	1587661526948957	1587661526949603	646	0
240	121.6	60.8	29.184	1587661526959149	1587661526959780	631	0
241	122.1	61.05	29.304	1587661526969314	1587661526969898	584	0
242	122.6	61.3	29.424	1587661526979474	1587661526980096	622	0
243	123.1	61.55	29.544	1587661526989650	1587661526990251	601	0
244	123.6	61.8	29.664	1587661526999818	1587661527000439	621	0
245	124.1	62.05	29.784	1587661527009987	1587661527010604	617	0
246	124.65	62.325	29.916	1587661527020155	1587661527020774	619	0
247	125.15	62.575	30.036	1587661527030324	1587661527030949	625	0
248	125.65	62.825	30.156	1587661527040491	1587661527041112	621	0
249	126.15	63.075	30.276	1587661527050657	1587661527051218	561	0
250	126.65	63.325	30.396	1587661527060851	1587661527061482	631	0
251	127.15	63.575	30.516	1587661527071014	1587661527071634	620	0
252	127.7	63.85	30.648	1587661527081181	1587661527081804	623	0
253	128.2	64.1	30.768	1587661527091357	1587661527091980	623	0
254	128.7	64.35	30.888	1587661527101522	1587661527102097	575	0
255	129.2	64.6	31.008	1587661527111690	1587661527112321	631	0
256	129.7	64.85	31.128	1587661527121863	1587661527122505	642	0
257	130.2	65.1	31.248	1587661527132034	1587661527132674	640	0
258	130.75	65.375	31.38	1587661527142201	1587661527142821	620	0
259	131.25	65.625	31.5	1587661527152369	1587661527152989	620	0
260	131.75	65.875	31.62	1587661527162571	1587661527163197	626	0
261	132.25	66.125	31.74	1587661527172729	1587661527173350	621	0
262	132.75	66.375	31.86	1587661527182900	1587661527183515	615	0
263	133.3	66.65	31.992	1587661527193070	1587661527193687	617	0
264	133.8	66.9	32.112	1587661527203241	1587661527203861	620	0
265	134.3	67.15	32.232	1587661527213411	1587661527213962	551	0
266	134.8	67.4	32.352	1587661527223582	1587661527224204	622	0
267	135.3	67.65	32.472	1587661527233747	1587661527234367	620	0
268	135.8	67.9	32.592	1587661527243915	1587661527244532	617	0
269	136.35	68.175	32.724	1587661527254085	1587661527254704	619	0
270	136.85	68.425	32.844	1587661527264274	1587661527264901	627	0
271	137.35	68.675	32.964	1587661527274435	1587661527275058	623	0
272	137.85	68.925	33.084	1587661527284602	1587661527285220	618	0
273	138.35	69.175	33.204	1587661527294774	1587661527295392	618	0
274	138.85	69.425	33.324	1587661527304944	1587661527305586	642	0
275	139.4	69.7	33.456	1587661527315106	1587661527315728	622	0
276	139.9	69.95	33.576	1587661527325279	1587661527325884	605	0
277	140.4	70.2	33.696	1587661527335446	1587661527336071	625	0
278	140.9	70.45	33.816	1587661527345619	1587661527346202	583	0
279	141.4	70.7	33.936	1587661527355792	1587661527356415	623	0
280	141.9	70.95	34.056	1587661527365978	1587661527366607	629	0
281	142.45	71.225	34.188	1587661527376139	1587661527376756	617	0
282	142.95	71.475	34.308	1587661527386312	1587661527386936	624	0
283	143.45	71.725	34.428	1587661527396491	1587661527397110	619	0
284	143.95	71.975	34.548	1587661527406658	1587661527407277	619	0
285	144.45	72.225	34.668	1587661527416827	1587661527417453	626	0
286	144.95	72.475	34.788	1587661527426999	1587661527427617	618	0
287	145.5	72.75	34.92	1587661527437170	1587661527437748	578	0
288	146	73	35.04	1587661527447314	1587661527447929	615	0
289	146.5	73.25	35.16	1587661527457483	1587661527458054	571	0
290	147	73.5	35.28	1587661527467680	1587661527468308	628	0
291	147.5	73.75	35.4	1587661527477831	1587661527478453	622	0
292	148	74	35.52	1587661527487969	1587661527488504	535	0
293	148.55	74.275	35.652	1587661527498140	1587661527498760	620	0
294	149.05	74.525	35.772	1587661527508309	1587661527508930	621	0
295	149.55	74.775	35.892	1587661527518479	1587661527519096	617	0
296	150.05	75.025	36.012	1587661527528650	1587661527529271	621	0
297	150.55	75.275	36.132	1587661527538821	1587661527539440	619	0
298	151.05	75.525	36.252	1587661527548989	1587661527549622	633	0
299	151.6	75.8	36.384	1587661527559162	1587661527559781	619	0
300	152.1	76.05	36.504	1587661527569362	1587661527569944	582	0
301	152.6	76.3	36.624	1587661527579524	1587661527580147	623	0
302	153.1	76.55	36.744	1587661527589685	1587661527590302	617	0
303	153.6	76.8	36.864	1587661527599866	1587661527600486	620	0
304	154.1	77.05	36.984	1587661527610037	1587661527610657	620	0
305	154.65	77.325	37.116	1587661527620205	1587661527620837	632	0
306	155.15	77.575	37.236	1587661527630379	1587661527630999	620	0
307	155.65	77.825	37.356	1587661527640550	1587661527641171	621	0
308	156.15	78.075	37.476	1587661527650718	1587661527651338	620	0
309	156.65	78.325	37.596	1587661527660889	1587661527661514	625	0
310	157.2	78.6	37.728	1587661527671083	1587661527671709	626	0
311	157.7	78.85	37.848	1587661527681238	1587661527681807	569	0
312	158.2	79.1	37.968	1587661527691407	1587661527692027	620	0
313	158.7	79.35	38.088	1587661527701588	1587661527702139	551	0
314	159.2	79.6	38.208	1587661527711756	1587661527712372	616	0
315	159.7	79.85	38.328	1587661527721918	1587661527722529	611	0
316	160.25	80.125	38.46	1587661527732097	1587661527732741	644	0
317	160.75	80.375	38.58	1587661527742279	1587661527742937	658	0
318	161.25	80.625	38.7	1587661527752448	1587661527753095	647	0
319	161.75	80.875	38.82	1587661527762617	1587661527763267	650	0
320	162.25	81.125	38.94	1587661527772811	1587661527774524	1713	0
321	162.75	81.375	39.06	1587661527782969	1587661527783622	653	0
322	163.3	81.65	39.192	1587661527793139	1587661527793752	613	0
323	163.8	81.9	39.312	1587661527803301	1587661527803924	623	0
324	164.3	82.15	39.432	1587661527813472	1587661527814017	545	0
325	164.8	82.4	39.552	1587661527823634	1587661527824288	654	0
326	165.3	82.65	39.672	1587661527833794	1587661527834439	645	0
327	165.8	82.9	39.792	1587661527843953	1587661527844605	652	0
328	166.35	83.175	39.924	1587661527854096	1587661527854748	652	0
329	166.85	83.425	40.044	1587661527864274	1587661527864926	652	0
330	167.35	83.675	40.164	1587661527874429	1587661527875838	1409	0
331	167.85	83.925	40.284	1587661527884582	1587661527885232	650	0
332	168.35	84.175	40.404	1587661527894750	1587661527895401	651	0
333	168.85	84.425	40.524	1587661527904917	1587661527905581	664	0
334	169.4	84.7	40.656	1587661527915074	1587661527915721	647	0
335	169.9	84.95	40.776	1587661527925236	1587661527925825	589	0
336	170.4	85.2	40.896	1587661527935411	1587661527936064	653	0
337	170.9	85.45	41.016	1587661527945584	1587661527946135	551	0
338	171.4	85.7	41.136	1587661527955752	1587661527956405	653	0
339	171.9	85.95	41.256	1587661527965919	1587661527966570	651	0
340	172.45	86.225	41.388	1587661527976103	1587661527977013	910	0
341	172.95	86.475	41.508	1587661527986261	1587661527986937	676	0
342	173.45	86.725	41.628	1587661527996432	1587661527997086	654	0
343	173.95	86.975	41.748	1587661528006612	1587661528007264	652	0
344	174.45	87.225	41.868	1587661528016781	1587661528017436	655	0
345	174.95	87.475	41.988	1587661528026948	1587661528027598	650	0
346	175.5	87.75	42.12	1587661528037119	1587661528037747	628	0
347	176	88	42.24	1587661528047292	1587661528047948	656	0
348	176.5	88.25	42.36	1587661528057476	1587661528058077	601	0
349	177	88.5	42.48	1587661528067647	1587661528068295	648	0
350	177.5	88.75	42.6	1587661528077836	1587661528078478	642	0
351	178	89	42.72	1587661528087991	1587661528088622	631	0
352	178.55	89.275	42.852	1587661528098179	1587661528098827	648	0
353	179.05	89.525	42.972	1587661528108356	1587661528109010	654	0
354	179.55	89.775	43.092	1587661528118522	1587661528119173	651	0
355	180.05	90.025	43.212	1587661528128690	1587661528129338	648	0
356	180.55	90.275	43.332	1587661528138873	1587661528139523	650	0
357	181.05	90.525	43.452	1587661528149040	1587661528149711	671	0
358	181.6	90.8	43.584	1587661528159210	1587661528159863	653	0
359	182.1	91.05	43.704	1587661528169385	1587661528169984	599	0
360	182.6	91.3	43.824	1587661528179588	1587661528180245	657	0
361	183.1	91.55	43.944	1587661528189744	1587661528190364	620	0
362	183.6	91.8	44.064	1587661528199916	1587661528200567	651	0
363	184.15	92.075	44.196	1587661528210087	1587661528210713	626	0
364	184.65	92.325	44.316	1587661528220258	1587661528220910	652	0
365	185.15	92.575	44.436	1587661528230445	1587661528231094	649	0
366	185.65	92.825	44.556	1587661528240612	1587661528241263	651	0
367	186.15	93.075	44.676	1587661528250779	1587661528251433	654	0
368	186.65	93.325	44.796	1587661528260943	1587661528261581	638	0
369	187.2	93.6	44.928	1587661528271113	1587661528271779	666	0
370	187.7	93.85	45.048	1587661528281300	1587661528281903	603	0
371	188.2	94.1	45.168	1587661528291455	1587661528292124	669	0
372	188.7	94.35	45.288	1587661528301629	1587661528302251	622	0
373	189.2	94.6	45.408	1587661528311795	1587661528312449	654	0
374	189.7	94.85	45.528	1587661528321958	1587661528322601	643	0
375	190.25	95.125	45.66	1587661528332124	1587661528332773	649	0
376	190.75	95.375	45.78	1587661528342292	1587661528342948	656	0
377	191.25	95.625	45.9	1587661528352459	1587661528353083	624	0
378	191.75	95.875	46.02	1587661528362631	1587661528363252	621	0
379	192.25	96.125	46.14	1587661528372799	1587661528373422	623	0
380	192.75	96.375	46.26	1587661528383006	1587661528383636	630	0
381	193.3	96.65	46.392	1587661528393166	1587661528393753	587	0
382	193.8	96.9	46.512	1587661528403339	1587661528403962	623	0
383	194.3	97.15	46.632	1587661528413507	1587661528414060	553	0
384	194.8	97.4	46.752	1587661528423678	1587661528424295	617	0
385	195.3	97.65	46.872	1587661528433842	1587661528434468	626	0
386	195.8	97.9	46.992	1587661528444010	1587661528444628	618	0
387	196.35	98.175	47.124	1587661528454184	1587661528454803	619	0
388	196.85	98.425	47.244	1587661528464368	1587661528464990	622	0
389	197.35	98.675	47.364	1587661528474541	1587661528475161	620	0
390	197.85	98.925	47.484	1587661528484736	1587661528485368	632	0
391	198.35	99.175	47.604	1587661528494894	1587661528495517	623	0
392	198.9	99.45	47.736	1587661528505061	1587661528505698	637	0
393	199.4	99.7	47.856	1587661528515237	1587661528515858	621	0
394	199.9	99.95	47.976	1587661528525408	1587661528525956	548	0
395	200.4	100.2	48.096	1587661528535578	1587661528536199	621	0
396	200.9	100.45	48.216	1587661528545743	1587661528546360	617	0
397	201.4	100.7	48.336	1587661528555915	1587661528556536	621	0
398	201.95	100.975	48.468	1587661528566096	1587661528566713	617	0
399	202.45	101.225	48.588	1587661528576267	1587661528576890	623	0
400	202.95	101.475	48.708	1587661528586475	1587661528587101	626	0
401	203.45	101.725	48.828	1587661528596634	1587661528597250	616	0
402	203.95	101.975	48.948	1587661528606802	1587661528607422	620	0
403	204.45	102.225	49.068	1587661528616973	1587661528617623	650	0
404	205	102.5	49.2	1587661528627144	1587661528627762	618	0
405	205.5	102.75	49.32	1587661528637315	1587661528637908	593	0
406	206	103	49.44	1587661528647485	1587661528648081	596	0
407	206.5	103.25	49.56	1587661528657655	1587661528658218	563	0
408	207	103.5	49.68	1587661528667824	1587661528668447	623	0
409	207.5	103.75	49.8	1587661528677990	1587661528678608	618	0
410	208.05	104.025	49.932	1587661528688182	1587661528688807	625	0
411	208.55	104.275	50.052	1587661528698342	1587661528698964	622	0
412	209.05	104.525	50.172	1587661528708508	1587661528709129	621	0
413	209.55	104.775	50.292	1587661528718694	1587661528719311	617	0
414	210.05	105.025	50.412	1587661528728859	1587661528729471	612	0
415	210.55	105.275	50.532	1587661528739029	1587661528739644	615	0
416	211.1	105.55	50.664	1587661528749197	1587661528749777	580	0
417	211.6	105.8	50.784	1587661528759363	1587661528759984	621	0
418	212.1	106.05	50.904	1587661528769543	1587661528770071	528	0
419	212.6	106.3	51.024	1587661528779724	1587661528780341	617	0
420	213.1	106.55	51.144	1587661528789908	1587661528790536	628	0
421	213.65	106.825	51.276	1587661528800065	1587661528800683	618	0
422	214.15	107.075	51.396	1587661528810233	1587661528810852	619	0
423	214.65	107.325	51.516	1587661528820400	1587661528821018	618	0
424	215.15	107.575	51.636	1587661528830575	1587661528831191	616	0
425	215.65	107.825	51.756	1587661528840748	1587661528841366	618	0
426	216.15	108.075	51.876	1587661528850921	1587661528851536	615	0
427	216.7	108.35	52.008	1587661528861088	1587661528861733	645	0
428	217.2	108.6	52.128	1587661528871248	1587661528871867	619	0
429	217.7	108.85	52.248	1587661528881421	1587661528881983	562	0
430	218.2	109.1	52.368	1587661528891617	1587661528892242	625	0
431	218.7	109.35	52.488	1587661528901737	1587661528902349	612	0
432	219.2	109.6	52.608	1587661528911906	1587661528912521	615	0
433	219.75	109.875	52.74	1587661528922073	1587661528922711	638	0
434	220.25	110.125	52.86	1587661528932240	1587661528932860	620	0
435	220.75	110.375	52.98	1587661528942417	1587661528943036	619	0
436	221.25	110.625	53.1	1587661528952584	1587661528953200	616	0
437	221.75	110.875	53.22	1587661528962752	1587661528963378	626	0
438	222.25	111.125	53.34	1587661528972920	1587661528973540	620	0
439	222.8	111.4	53.472	1587661528983095	1587661528983716	621	0
440	223.3	111.65	53.592	1587661528993292	1587661528993879	587	0
441	223.8	111.9	53.712	1587661529003451	1587661529004077	626	0
442	224.3	112.15	53.832	1587661529013630	1587661529014223	593	0
443	224.8	112.4	53.952	1587661529023802	1587661529024422	620	0
444	225.3	112.65	54.072	1587661529033971	1587661529034587	616	0
445	225.85	112.925	54.204	1587661529044140	1587661529044759	619	0
446	226.35	113.175	54.324	1587661529054320	1587661529054949	629	0
447	226.85	113.425	54.444	1587661529064489	1587661529065110	621	0
448	227.35	113.675	54.564	1587661529074659	1587661529075278	619	0
449	227.85	113.925	54.684	1587661529084823	1587661529085413	590	0
450	228.35	114.175	54.804	1587661529095023	1587661529095652	629	0
451	228.9	114.45	54.936	1587661529105183	1587661529105765	582	0
452	229.4	114.7	55.056	1587661529115368	1587661529115996	628	0
453	229.9	114.95	55.176	1587661529125537	1587661529126084	547	0
454	230.4	115.2	55.296	1587661529135712	1587661529136334	622	0
455	230.9	115.45	55.416	1587661529145876	1587661529146485	609	0
456	231.45	115.725	55.548	1587661529156044	1587661529156664	620	0
457	231.95	115.975	55.668	1587661529166213	1587661529166832	619	0
458	232.45	116.225	55.788	1587661529176382	1587661529177002	620	0
459	232.95	116.475	55.908	1587661529186551	1587661529187165	614	0
460	233.45	116.725	56.028	1587661529196750	1587661529197390	640	0
461	233.95	116.975	56.148	1587661529206911	1587661529207531	620	0
462	234.5	117.25	56.28	1587661529217081	1587661529217759	678	0
463	235	117.5	56.4	1587661529227251	1587661529227872	621	0
464	235.5	117.75	56.52	1587661529237434	1587661529237941	507	0
465	236	118	56.64	1587661529247606	1587661529248222	616	0
466	236.5	118.25	56.76	1587661529257772	1587661529258381	609	0
467	237	118.5	56.88	1587661529267938	1587661529268555	617	0
468	237.55	118.775	57.012	1587661529278093	1587661529278710	617	0
469	238.05	119.025	57.132	1587661529288259	1587661529288879	620	0
470	238.55	119.275	57.252	1587661529298474	1587661529299105	631	0
471	239.05	119.525	57.372	1587661529308630	1587661529309252	622	0
472	239.55	119.775	57.492	1587661529318802	1587661529319428	626	0
473	240.05	120.025	57.612	1587661529328972	1587661529329610	638	0
474	240.6	120.3	57.744	1587661529339137	1587661529339750	613	0
475	241.1	120.55	57.864	1587661529349313	1587661529349840	527	0
476	241.6	120.8	57.984	1587661529359485	1587661529360107	622	0
477	242.1	121.05	58.104	1587661529369659	1587661529370217	558	0
478	242.6	121.3	58.224	1587661529379832	1587661529380454	622	0
479	243.1	121.55	58.344	1587661529390002	1587661529390624	622	0
480	243.65	121.825	58.476	1587661529400197	1587661529400828	631	0
481	244.15	122.075	58.596	1587661529410376	1587661529411005	629	0
482	244.65	122.325	58.716	1587661529420548	1587661529421133	585	0
483	245.15	122.575	58.836	1587661529430727	1587661529431349	622	0
484	245.65	122.825	58.956	1587661529440900	1587661529441525	625	0
485	246.2	123.1	59.088	1587661529451072	1587661529451694	622	0
486	246.7	123.35	59.208	1587661529461242	1587661529461835	593	0
487	247.2	123.6	59.328	1587661529471403	1587661529471994	591	0
488	247.7	123.85	59.448	1587661529481585	1587661529482105	520	0
489	248.2	124.1	59.568	1587661529491755	1587661529492377	622	0
490	248.7	124.35	59.688	1587661529501945	1587661529502574	629	0
491	249.25	124.625	59.82	1587661529512104	1587661529512727	623	0
492	249.75	124.875	59.94	1587661529522275	1587661529522899	624	0
493	250.25	125.125	60.06	1587661529532452	1587661529533067	615	0
494	250.75	125.375	60.18	1587661529542623	1587661529543245	622	0
495	251.25	125.625	60.3	1587661529552791	1587661529553411	620	0
496	251.75	125.875	60.42	1587661529562959	1587661529563579	620	0
497	252.3	126.15	60.552	1587661529573127	1587661529573749	622	0
498	252.8	126.4	60.672	1587661529583310	1587661529583933	623	0
499	253.3	126.65	60.792	1587661529593482	1587661529594015	533	0
500	253.8	126.9	60.912	1587661529603679	1587661529604306	627	0
501	254.3	127.15	61.032	1587661529613836	1587661529614476	640	0
502	254.8	127.4	61.152	1587661529624009	1587661529624630	621	0
503	255.35	127.675	61.284	1587661529634187	1587661529634812	625	0
504	255.85	127.925	61.404	1587661529644362	1587661529644984	622	0
505	256.35	128.175	61.524	1587661529654558	1587661529655179	621	0
506	256.85	128.425	61.644	1587661529664727	1587661529665352	625	0
507	257.35	128.675	61.764	1587661529674900	1587661529675519	619	0
508	257.9	128.95	61.896	1587661529685069	1587661529685690	621	0
509	258.4	129.2	62.016	1587661529695241	1587661529695857	616	0
510	258.9	129.45	62.136	1587661529705444	1587661529705973	529	0
511	259.4	129.7	62.256	1587661529715615	1587661529716240	625	0
512	259.9	129.95	62.376	1587661529725749	1587661529726362	613	0
513	260.4	130.2	62.496	1587661529735918	1587661529736538	620	0
514	260.95	130.475	62.628	1587661529746104	1587661529746721	617	0
515	261.45	130.725	62.748	1587661529756281	1587661529756900	619	0
516	261.95	130.975	62.868	1587661529766464	1587661529767085	621	0
517	262.45	131.225	62.988	1587661529776652	1587661529777286	634	0
518	262.95	131.475	63.108	1587661529786824	1587661529787441	617	0
519	263.45	131.725	63.228	1587661529796995	1587661529797655	660	0
520	264	132	63.36	1587661529807209	1587661529807742	533	0
521	264.5	132.25	63.48	1587661529817377	1587661529817954	577	0
522	265	132.5	63.6	1587661529827547	1587661529828160	613	0
523	265.5	132.75	63.72	1587661529837713	1587661529838294	581	0
524	266	133	63.84	1587661529847888	1587661529848511	623	0
525	266.55	133.275	63.972	1587661529858061	1587661529858683	622	0
526	267.05	133.525	64.092	1587661529868230	1587661529868846	616	0
527	267.55	133.775	64.212	1587661529878390	1587661529879008	618	0
528	268.05	134.025	64.332	1587661529888551	1587661529889171	620	0
529	268.55	134.275	64.452	1587661529898692	1587661529900291	1599	0
530	269.05	134.525	64.572	1587661529908881	1587661529909509	628	0
531	269.55	134.775	64.692	1587661529919031	1587661529919653	622	0
532	270.1	135.05	64.824	1587661529929192	1587661529929803	611	0
533	270.6	135.3	64.944	1587661529939354	1587661529939976	622	0
534	271.1	135.55	65.064	1587661529949516	1587661529950060	544	0
535	271.6	135.8	65.184	1587661529959681	1587661529960297	616	0
536	272.1	136.05	65.304	1587661529969841	1587661529970466	625	0
537	272.6	136.3	65.424	1587661529980008	1587661529980629	621	0
538	273.15	136.575	65.556	1587661529990168	1587661529990789	621	0
539	273.65	136.825	65.676	1587661530000335	1587661530001575	1240	0
540	274.15	137.075	65.796	1587661530010540	1587661530011164	624	0
541	274.65	137.325	65.916	1587661530020698	1587661530021315	617	0
542	275.15	137.575	66.036	1587661530030868	1587661530031487	619	0
543	275.7	137.85	66.168	1587661530041059	1587661530041683	624	0
544	276.2	138.1	66.288	1587661530051239	1587661530051859	620	0
545	276.7	138.35	66.408	1587661530061418	1587661530061960	542	0
546	277.2	138.6	66.528	1587661530071585	1587661530072203	618	0
547	277.7	138.85	66.648	1587661530081747	1587661530082366	619	0
548	278.2	139.1	66.768	1587661530091917	1587661530092539	622	0
549	278.75	139.375	66.9	1587661530102084	1587661530102813	729	0
550	279.25	139.625	67.02	1587661530112277	1587661530112908	631	0
551	279.75	139.875	67.14	1587661530122450	1587661530123072	622	0
552	280.25	140.125	67.26	1587661530132626	1587661530133246	620	0
553	280.75	140.375	67.38	1587661530142822	1587661530143432	610	0
554	281.25	140.625	67.5	1587661530153005	1587661530153640	635	0
555	281.8	140.9	67.632	1587661530163172	1587661530163790	618	0
556	282.3	141.15	67.752	1587661530173347	1587661530173885	538	0
557	282.8	141.4	67.872	1587661530183518	1587661530184140	622	0
558	283.3	141.65	67.992	1587661530193680	1587661530194210	530	0
559	283.8	141.9	68.112	1587661530203844	1587661530204460	616	0
560	284.3	142.15	68.232	1587661530214037	1587661530214665	628	0
561	284.85	142.425	68.364	1587661530224196	1587661530224815	619	0
562	285.35	142.675	68.484	1587661530234367	1587661530234991	624	0
563	285.85	142.925	68.604	1587661530244539	1587661530245157	618	0
564	286.35	143.175	68.724	1587661530254720	1587661530255339	619	0
565	286.85	143.425	68.844	1587661530264885	1587661530265511	626	0
566	287.4	143.7	68.976	1587661530275049	1587661530275667	618	0
567	287.9	143.95	69.096	1587661530285217	1587661530285822	605	0
568	288.4	144.2	69.216	1587661530295395	1587661530296015	620	0
569	288.9	144.45	69.336	1587661530305576	1587661530306125	549	0
570	289.4	144.7	69.456	1587661530315770	1587661530316400	630	0
571	289.9	144.95	69.576	1587661530325922	1587661530326539	617	0
572	290.45	145.225	69.708	1587661530336091	1587661530336709	618	0
573	290.95	145.475	69.828	1587661530346258	1587661530346878	620	0
574	291.45	145.725	69.948	1587661530356431	1587661530357053	622	0
575	291.95	145.975	70.068	1587661530366602	1587661530367221	619	0
576	292.45	146.225	70.188	1587661530376769	1587661530377390	621	0
577	292.95	146.475	70.308	1587661530386944	1587661530387555	611	0
578	293.5	146.75	70.44	1587661530397112	1587661530397732	620	0
579	294	147	70.56	1587661530407279	1587661530407897	618	0
580	294.5	147.25	70.68	1587661530417475	1587661530418050	575	0
581	295	147.5	70.8	1587661530427635	1587661530428265	630	0
582	295.5	147.75	70.92	1587661530437796	1587661530438398	602	0
583	296	148	71.04	1587661530447963	1587661530448579	616	0
584	296.55	148.275	71.172	1587661530458130	1587661530458750	620	0
585	297.05	148.525	71.292	1587661530468300	1587661530468921	621	0
586	297.55	148.775	71.412	1587661530478480	1587661530479095	615	0
587	298.05	149.025	71.532	1587661530488651	1587661530489268	617	0
588	298.55	149.275	71.652	1587661530498823	1587661530499444	621	0
589	299.05	149.525	71.772	1587661530508990	1587661530509621	631	0
590	299.6	149.8	71.904	1587661530519189	1587661530519817	628	0
591	300.1	150.05	72.024	1587661530529354	1587661530529894	540	0
592	300.6	150.3	72.144	1587661530539521	1587661530540145	624	0
593	301.1	150.55	72.264	1587661530549688	1587661530550301	613	0
594	301.6	150.8	72.384	1587661530559859	1587661530560479	620	0
595	302.1	151.05	72.504	1587661530570026	1587661530570636	610	0
596	302.65	151.325	72.636	1587661530580188	1587661530580770	582	0
597	303.15	151.575	72.756	1587661530590351	1587661530590968	617	0
598	303.65	151.825	72.876	1587661530600515	1587661530601135	620	0
599	304.15	152.075	72.996	1587661530610686	1587661530611304	618	0
600	304.65	152.325	73.116	1587661530620884	1587661530621519	635	0
601	305.2	152.6	73.248	1587661530631060	1587661530631678	618	0
602	305.7	152.85	73.368	1587661530641227	1587661530641834	607	0
603	306.2	153.1	73.488	1587661530651394	1587661530652014	620	0
604	306.7	153.35	73.608	1587661530661611	1587661530662093	482	0
605	307.2	153.6	73.728	1587661530671779	1587661530672402	623	0
606	307.7	153.85	73.848	1587661530681945	1587661530682563	618	0
607	308.25	154.125	73.98	1587661530692113	1587661530692731	618	0
608	308.75	154.375	74.1	1587661530702281	1587661530702905	624	0
609	309.25	154.625	74.22	1587661530712452	1587661530713074	622	0
610	309.75	154.875	74.34	1587661530722654	1587661530723280	626	0
611	310.25	155.125	74.46	1587661530732813	1587661530733429	616	0
612	310.75	155.375	74.58	1587661530742975	1587661530743591	616	0
613	311.3	155.65	74.712	1587661530753100	1587661530753718	618	0
614	311.8	155.9	74.832	1587661530763268	1587661530763891	623	0
615	312.3	156.15	74.952	1587661530773432	1587661530773965	533	0
616	312.8	156.4	75.072	1587661530783612	1587661530784238	626	0
617	313.3	156.65	75.192	1587661530793743	1587661530794355	612	0
618	313.8	156.9	75.312	1587661530803937	1587661530804558	621	0
619	314.35	157.175	75.444	1587661530814117	1587661530814737	620	0
620	314.85	157.425	75.564	1587661530824309	1587661530824941	632	0
621	315.35	157.675	75.684	1587661530834477	1587661530835100	623	0
622	315.85	157.925	75.804	1587661530844644	1587661530845265	621	0
623	316.35	158.175	75.924	1587661530854810	1587661530855428	618	0
624	316.85	158.425	76.044	1587661530864977	1587661530865628	651	0
625	317.4	158.7	76.176	1587661530875144	1587661530875763	619	0
626	317.9	158.95	76.296	1587661530885318	1587661530885900	582	0
627	318.4	159.2	76.416	1587661530895485	1587661530896107	622	0
628	318.9	159.45	76.536	1587661530905660	1587661530906252	592	0
629	319.4	159.7	76.656	1587661530915826	1587661530916446	620	0
630	319.9	159.95	76.776	1587661530926001	1587661530926628	627	0
631	320.45	160.225	76.908	1587661530936159	1587661530936776	617	0
632	320.95	160.475	77.028	1587661530946329	1587661530946952	623	0
633	321.45	160.725	77.148	1587661530956500	1587661530957120	620	0
634	321.95	160.975	77.268	1587661530966666	1587661530967220	554	0
635	322.45	161.225	77.388	1587661530976835	1587661530977457	622	0
636	322.95	161.475	77.508	1587661530986999	1587661530988275	1276	0
637	323.5	161.75	77.64	1587661530997167	1587661530997778	611	0
638	324	162	77.76	1587661531007339	1587661531007961	622	0
639	324.5	162.25	77.88	1587661531017503	1587661531018075	572	0
640	325	162.5	78	1587661531027697	1587661531028328	631	0
641	325.5	162.75	78.12	1587661531037855	1587661531038473	618	0
642	326	163	78.24	1587661531048022	1587661531048638	616	0
643	326.55	163.275	78.372	1587661531058196	1587661531058816	620	0
644	327.05	163.525	78.492	1587661531068369	1587661531068988	619	0
645	327.55	163.775	78.612	1587661531078538	1587661531079156	618	0
646	328.05	164.025	78.732	1587661531088706	1587661531089322	616	0
647	328.55	164.275	78.852	1587661531098873	1587661531099489	616	0
648	329.05	164.525	78.972	1587661531109040	1587661531109675	635	0
649	329.6	164.8	79.104	1587661531119212	1587661531119829	617	0
650	330.1	165.05	79.224	1587661531129414	1587661531129987	573	0
651	330.6	165.3	79.344	1587661531139576	1587661531140195	619	0
652	331.1	165.55	79.464	1587661531149677	1587661531150285	608	0
653	331.6	165.8	79.584	1587661531159844	1587661531160465	621	0
654	332.1	166.05	79.704	1587661531170010	1587661531170624	614	0
655	332.65	166.325	79.836	1587661531180180	1587661531180797	617	0
656	333.15	166.575	79.956	1587661531190342	1587661531190905	563	0
657	333.65	166.825	80.076	1587661531200514	1587661531201136	622	0
658	334.15	167.075	80.196	1587661531210694	1587661531211308	614	0
659	334.65	167.325	80.316	1587661531220864	1587661531221488	624	0
660	335.15	167.575	80.436	1587661531231057	1587661531231686	629	0
661	335.7	167.85	80.568	1587661531241216	1587661531241831	615	0
662	336.2	168.1	80.688	1587661531251391	1587661531252008	617	0
663	336.7	168.35	80.808	1587661531261555	1587661531262096	541	0
664	337.2	168.6	80.928	1587661531271743	1587661531272367	624	0
665	337.7	168.85	81.048	1587661531281869	1587661531282486	617	0
666	338.2	169.1	81.168	1587661531292034	1587661531292651	617	0
667	338.75	169.375	81.3	1587661531302201	1587661531302814	613	0
668	339.25	169.625	81.42	1587661531312375	1587661531312995	620	0
669	339.75	169.875	81.54	1587661531322547	1587661531323168	621	0
670	340.25	170.125	81.66	1587661531332740	1587661531333366	626	0
671	340.75	170.375	81.78	1587661531342898	1587661531343518	620	0
672	341.3	170.65	81.912	1587661531353066	1587661531353618	552	0
673	341.8	170.9	82.032	1587661531363233	1587661531363829	596	0
674	342.3	171.15	82.152	1587661531373404	1587661531373929	525	0
675	342.8	171.4	82.272	1587661531383574	1587661531384163	589	0
676	343.3	171.65	82.392	1587661531393740	1587661531394317	577	0
677	343.8	171.9	82.512	1587661531403906	1587661531404469	563	0
678	344.35	172.175	82.644	1587661531414073	1587661531414662	589	0
679	344.85	172.425	82.764	1587661531424240	1587661531424825	585	0
680	345.35	172.675	82.884	1587661531434434	1587661531435031	597	0
681	345.85	172.925	83.004	1587661531444595	1587661531445183	588	0
682	346.35	173.175	83.124	1587661531454763	1587661531455348	585	0
683	346.85	173.425	83.244	1587661531464932	1587661531465516	584	0
684	347.4	173.7	83.376	1587661531475099	1587661531475685	586	0
685	347.9	173.95	83.496	1587661531485271	1587661531485843	572	0
686	348.4	174.2	83.616	1587661531495437	1587661531496025	588	0
687	348.9	174.45	83.736	1587661531505618	1587661531506169	551	0
688	349.4	174.7	83.856	1587661531515789	1587661531516379	590	0
689	349.9	174.95	83.976	1587661531525954	1587661531526540	586	0
690	350.45	175.225	84.108	1587661531536151	1587661531536747	596	0
691	350.95	175.475	84.228	1587661531546321	1587661531546910	589	0
692	351.45	175.725	84.348	1587661531556490	1587661531557073	583	0
693	351.95	175.975	84.468	1587661531566659	1587661531567256	597	0
694	352.45	176.225	84.588	1587661531576831	1587661531577414	583	0
695	352.95	176.475	84.708	1587661531586996	1587661531587579	583	0
696	353.5	176.75	84.84	1587661531597164	1587661531597763	599	0
697	354	177	84.96	1587661531607355	1587661531607949	594	0
698	354.5	177.25	85.08	1587661531617523	1587661531618063	540	0
699	355	177.5	85.2	1587661531627690	1587661531628277	587	0
700	355.5	177.75	85.32	1587661531637878	1587661531638476	598	0
701	356	178	85.44	1587661531648036	1587661531648623	587	0
702	356.55	178.275	85.572	1587661531658203	1587661531658791	588	0
703	357.05	178.525	85.692	1587661531668378	1587661531668965	587	0
704	357.55	178.775	85.812	1587661531678550	1587661531679135	585	0
705	358.05	179.025	85.932	1587661531688717	1587661531689307	590	0
706	358.55	179.275	86.052	1587661531698884	1587661531699471	587	0
707	359.1	179.55	86.184	1587661531709051	1587661531709651	600	0
708	359.6	179.8	86.304	1587661531719228	1587661531719814	586	0
709	360.1	180.05	86.424	1587661531729399	1587661531729937	538	0
710	360.6	180.3	86.544	1587661531739594	1587661531740189	595	0
711	361.1	180.55	86.664	1587661531749745	1587661531750320	575	0
712	361.6	180.8	86.784	1587661531759913	1587661531760501	588	0
713	362.15	181.075	86.916	1587661531770081	1587661531770667	586	0
714	362.65	181.325	87.036	1587661531780252	1587661531780835	583	0
715	363.15	181.575	87.156	1587661531790447	1587661531791025	578	0
716	363.65	181.825	87.276	1587661531800627	1587661531801214	587	0
717	364.15	182.075	87.396	1587661531810798	1587661531811387	589	0
718	364.65	182.325	87.516	1587661531820967	1587661531821574	607	0
719	365.2	182.6	87.648	1587661531831135	1587661531831722	587	0
720	365.7	182.85	87.768	1587661531841325	1587661531841844	519	0
721	366.2	183.1	87.888	1587661531851491	1587661531852080	589	0
722	366.7	183.35	88.008	1587661531861666	1587661531862197	531	0
723	367.2	183.6	88.128	1587661531871834	1587661531872421	587	0
724	367.7	183.85	88.248	1587661531882001	1587661531882588	587	0
725	368.25	184.125	88.38	1587661531892168	1587661531892753	585	0
726	368.75	184.375	88.5	1587661531902359	1587661531902945	586	0
727	369.25	184.625	88.62	1587661531912524	1587661531913107	583	0
728	369.75	184.875	88.74	1587661531922693	1587661531923234	541	0
729	370.25	185.125	88.86	1587661531932880	1587661531933459	579	0
730	370.8	185.4	88.992	1587661531943072	1587661531943666	594	0
731	371.3	185.65	89.112	1587661531953236	1587661531953780	544	0
732	371.8	185.9	89.232	1587661531963406	1587661531963996	590	0
733	372.3	186.15	89.352	1587661531973578	1587661531974102	524	0
734	372.8	186.4	89.472	1587661531983740	1587661531984322	582	0
735	373.3	186.65	89.592	1587661531993899	1587661531994489	590	0
736	373.85	186.925	89.724	1587661532004062	1587661532004651	589	0
737	374.35	187.175	89.844	1587661532014223	1587661532014808	585	0
738	374.85	187.425	89.964	1587661532024352	1587661532025868	1516	0
739	375.35	187.675	90.084	1587661532034514	1587661532035100	586	0
740	375.85	187.925	90.204	1587661532044700	1587661532045296	596	0
741	376.35	188.175	90.324	1587661532054861	1587661532055449	588	0
742	376.85	188.425	90.444	1587661532065032	1587661532065654	622	0
743	377.4	188.7	90.576	1587661532075200	1587661532075787	587	0
744	377.9	188.95	90.696	1587661532085376	1587661532085920	544	0
745	378.4	189.2	90.816	1587661532095543	1587661532096128	585	0
746	378.9	189.45	90.936	1587661532105708	1587661532106293	585	0
747	379.4	189.7	91.056	1587661532115880	1587661532116478	598	0
748	379.9	189.95	91.176	1587661532126023	1587661532127111	1088	0
749	380.45	190.225	91.308	1587661532136194	1587661532136777	583	0
750	380.95	190.475	91.428	1587661532146406	1587661532147002	596	0
751	381.45	190.725	91.548	1587661532156568	1587661532157156	588	0
752	381.95	190.975	91.668	1587661532166736	1587661532167324	588	0
753	382.45	191.225	91.788	1587661532176921	1587661532177475	554	0
754	383	191.5	91.92	1587661532187087	1587661532187669	582	0
755	383.5	191.75	92.04	1587661532197252	1587661532197832	580	0
756	384	192	92.16	1587661532207430	1587661532208018	588	0
757	384.5	192.25	92.28	1587661532217619	1587661532218173	554	0
758	385	192.5	92.4	1587661532227739	1587661532228303	564	0
759	385.5	192.75	92.52	1587661532237907	1587661532238496	589	0
760	386.05	193.025	92.652	1587661532248097	1587661532248694	597	0
761	386.55	193.275	92.772	1587661532258256	1587661532258820	564	0
762	387.05	193.525	92.892	1587661532268428	1587661532269017	589	0
763	387.55	193.775	93.012	1587661532278572	1587661532279163	591	0
764	388.05	194.025	93.132	1587661532288735	1587661532289326	591	0
765	388.55	194.275	93.252	1587661532298905	1587661532299493	588	0
766	389.1	194.55	93.384	1587661532309072	1587661532309676	604	0
767	389.6	194.8	93.504	1587661532319239	1587661532319827	588	0
768	390.1	195.05	93.624	1587661532329402	1587661532329911	509	0
769	390.6	195.3	93.744	1587661532339569	1587661532340159	590	0
770	391.1	195.55	93.864	1587661532349696	1587661532350286	590	0
771	391.6	195.8	93.984	1587661532359854	1587661532360441	587	0
772	392.1	196.05	94.104	1587661532370020	1587661532370610	590	0
773	392.65	196.325	94.236	1587661532380188	1587661532380778	590	0
774	393.15	196.575	94.356	1587661532390349	1587661532390936	587	0
775	393.65	196.825	94.476	1587661532400514	1587661532401103	589	0
776	394.15	197.075	94.596	1587661532410684	1587661532411269	585	0
777	394.65	197.325	94.716	1587661532420853	1587661532421444	591	0
778	395.15	197.575	94.836	1587661532431017	1587661532431604	587	0
779	395.7	197.85	94.968	1587661532441184	1587661532441778	594	0
780	396.2	198.1	95.088	1587661532451369	1587661532451966	597	0
781	396.7	198.35	95.208	1587661532461526	1587661532462057	531	0
782	397.2	198.6	95.328	1587661532471698	1587661532472282	584	0
783	397.7	198.85	95.448	1587661532481823	1587661532482413	590	0
784	398.2	199.1	95.568	1587661532491993	1587661532492579	586	0
785	398.75	199.375	95.7	1587661532502161	1587661532502746	585	0
786	399.25	199.625	95.82	1587661532512333	1587661532512918	585	0
787	399.75	199.875	95.94	1587661532522506	1587661532523095	589	0
788	400.25	200.125	96.06	1587661532532691	1587661532533273	582	0
789	400.75	200.375	96.18	1587661532542866	1587661532543457	591	0
790	401.25	200.625	96.3	1587661532553061	1587661532553674	613	0
791	401.8	200.9	96.432	1587661532563218	1587661532563770	552	0
792	402.3	201.15	96.552	1587661532573395	1587661532573920	525	0
793	402.8	201.4	96.672	1587661532583559	1587661532584147	588	0
794	403.3	201.65	96.792	1587661532593725	1587661532594301	576	0
795	403.8	201.9	96.912	1587661532603897	1587661532604488	591	0
796	404.35	202.175	97.044	1587661532614056	1587661532614608	552	0
797	404.85	202.425	97.164	1587661532624236	1587661532624823	587	0
798	405.35	202.675	97.284	1587661532634410	1587661532634999	589	0
799	405.85	202.925	97.404	1587661532644578	1587661532645165	587	0
800	406.35	203.175	97.524	1587661532654771	1587661532655365	594	0
801	406.85	203.425	97.644	1587661532664922	1587661532665509	587	0
802	407.4	203.7	97.776	1587661532675091	1587661532675675	584	0
803	407.9	203.95	97.896	1587661532685261	1587661532685830	569	0
804	408.4	204.2	98.016	1587661532695435	1587661532696023	588	0
805	408.9	204.45	98.136	1587661532705650	1587661532706216	566	0
806	409.4	204.7	98.256	1587661532715817	1587661532716405	588	0
807	409.9	204.95	98.376	1587661532725989	1587661532726574	585	0
808	410.45	205.225	98.508	1587661532736159	1587661532736748	589	0
809	410.95	205.475	98.628	1587661532746327	1587661532746917	590	0
810	411.45	205.725	98.748	1587661532756520	1587661532757116	596	0
811	411.95	205.975	98.868	1587661532766679	1587661532767262	583	0
812	412.45	206.225	98.988	1587661532776849	1587661532777439	590	0
813	412.95	206.475	99.108	1587661532787014	1587661532787599	585	0
814	413.5	206.75	99.24	1587661532797199	1587661532797793	594	0
815	414	207	99.36	1587661532807383	1587661532807969	586	0
816	414.5	207.25	99.48	1587661532817554	1587661532818085	531	0
817	415	207.5	99.6	1587661532827734	1587661532828324	590	0
818	415.5	207.75	99.72	1587661532837896	1587661532838480	584	0
819	416.05	208.025	99.852	1587661532848063	1587661532848648	585	0
820	416.55	208.275	99.972	1587661532858256	1587661532858851	595	0
821	417.05	208.525	100.092	1587661532868410	1587661532868996	586	0
822	417.55	208.775	100.212	1587661532878581	1587661532879171	590	0
823	418.05	209.025	100.332	1587661532888752	1587661532889337	585	0
824	418.55	209.275	100.452	1587661532898923	1587661532899509	586	0
825	419.1	209.55	100.584	1587661532909090	1587661532909674	584	0
826	419.6	209.8	100.704	1587661532919259	1587661532919847	588	0
827	420.1	210.05	100.824	1587661532929434	1587661532929950	516	0
828	420.6	210.3	100.944	1587661532939613	1587661532940204	591	0
829	421.1	210.55	101.064	1587661532949774	1587661532950294	520	0
830	421.6	210.8	101.184	1587661532959966	1587661532960560	594	0
831	422.15	211.075	101.316	1587661532970124	1587661532970710	586	0
832	422.65	211.325	101.436	1587661532980318	1587661532980909	591	0
833	423.15	211.575	101.556	1587661532990493	1587661532991079	586	0
834	423.65	211.825	101.676	1587661533000659	1587661533001248	589	0
835	424.15	212.075	101.796	1587661533010832	1587661533011421	589	0
836	424.65	212.325	101.916	1587661533020999	1587661533021618	619	0
837	425.2	212.6	102.048	1587661533031163	1587661533031750	587	0
838	425.7	212.85	102.168	1587661533041337	1587661533041851	514	0
839	426.2	213.1	102.288	1587661533051498	1587661533052087	589	0
840	426.7	213.35	102.408	1587661533061710	1587661533062218	508	0
841	427.2	213.6	102.528	1587661533071873	1587661533072462	589	0
842	427.75	213.875	102.66	1587661533082043	1587661533082627	584	0
843	428.25	214.125	102.78	1587661533092214	1587661533092801	587	0
844	428.75	214.375	102.9	1587661533102393	1587661533102986	593	0
845	429.25	214.625	103.02	1587661533112564	1587661533113151	587	0
846	429.75	214.875	103.14	1587661533122730	1587661533123319	589	0
847	430.25	215.125	103.26	1587661533132901	1587661533133487	586	0
848	430.8	215.4	103.392	1587661533143072	1587661533143658	586	0
849	431.3	215.65	103.512	1587661533153240	1587661533153781	541	0
850	431.8	215.9	103.632	1587661533163432	1587661533164031	599	0
851	432.3	216.15	103.752	1587661533173601	1587661533174085	484	0
852	432.8	216.4	103.872	1587661533183772	1587661533184358	586	0
853	433.3	216.65	103.992	1587661533193941	1587661533194529	588	0
854	433.85	216.925	104.124	1587661533204108	1587661533204696	588	0
855	434.35	217.175	104.244	1587661533214275	1587661533214866	591	0
856	434.85	217.425	104.364	1587661533224443	1587661533225029	586	0
857	435.35	217.675	104.484	1587661533234609	1587661533235200	591	0
858	435.85	217.925	104.604	1587661533244782	1587661533245375	593	0
859	436.35	218.175	104.724	1587661533254951	1587661533255537	586	0
860	436.9	218.45	104.856	1587661533265151	1587661533265713	562	0
861	437.4	218.7	104.976	1587661533275315	1587661533275903	588	0
862	437.9	218.95	105.096	1587661533285480	1587661533285996	516	0
863	438.4	219.2	105.216	1587661533295644	1587661533296238	594	0
864	438.9	219.45	105.336	1587661533305811	1587661533306402	591	0
865	439.4	219.7	105.456	1587661533315982	1587661533316567	585	0
866	439.95	219.975	105.588	1587661533326152	1587661533326738	586	0
867	440.45	220.225	105.708	1587661533336327	1587661533336915	588	0
868	440.95	220.475	105.828	1587661533346510	1587661533347099	589	0
869	441.45	220.725	105.948	1587661533356679	1587661533357268	589	0
870	441.95	220.975	106.068	1587661533366870	1587661533367469	599	0
871	442.45	221.225	106.188	1587661533377025	1587661533377643	618	0
872	443	221.5	106.32	1587661533387188	1587661533387766	578	0
873	443.5	221.75	106.44	1587661533397358	1587661533397897	539	0
874	444	222	106.56	1587661533407526	1587661533408122	596	0
875	444.5	222.25	106.68	1587661533417691	1587661533418261	570	0
876	445	222.5	106.8	1587661533427859	1587661533428450	591	0
877	445.5	222.75	106.92	1587661533438018	1587661533438603	585	0
878	446.05	223.025	107.052	1587661533448185	1587661533448769	584	0
879	446.55	223.275	107.172	1587661533458361	1587661533458951	590	0
880	447.05	223.525	107.292	1587661533468558	1587661533469155	597	0
881	447.55	223.775	107.412	1587661533478716	1587661533479304	588	0
882	448.05	224.025	107.532	1587661533488887	1587661533489479	592	0
883	448.6	224.3	107.664	1587661533499055	1587661533499637	582	0
884	449.1	224.55	107.784	1587661533509228	1587661533509811	583	0
885	449.6	224.8	107.904	1587661533519405	1587661533519990	585	0
886	450.1	225.05	108.024	1587661533529584	1587661533530104	520	0
887	450.6	225.3	108.144	1587661533539744	1587661533540326	582	0
888	451.1	225.55	108.264	1587661533549905	1587661533550497	592	0
889	451.65	225.825	108.396	1587661533560077	1587661533560660	583	0
890	452.15	226.075	108.516	1587661533570267	1587661533570863	596	0
891	452.65	226.325	108.636	1587661533580420	1587661533581009	589	0
892	453.15	226.575	108.756	1587661533590599	1587661533591186	587	0
893	453.65	226.825	108.876	1587661533600769	1587661533601360	591	0
894	454.15	227.075	108.996	1587661533610939	1587661533611529	590	0
895	454.7	227.35	109.128	1587661533621110	1587661533621755	645	0
896	455.2	227.6	109.248	1587661533631280	1587661533631865	585	0
897	455.7	227.85	109.368	1587661533641447	1587661533641958	511	0
898	456.2	228.1	109.488	1587661533651618	1587661533652202	584	0
899	456.7	228.35	109.608	1587661533661787	1587661533662351	564	0
900	457.2	228.6	109.728	1587661533671979	1587661533672578	599	0
901	457.75	228.875	109.86	1587661533682136	1587661533682721	585	0
902	458.25	229.125	109.98	1587661533692307	1587661533692892	585	0
903	458.75	229.375	110.1	1587661533702485	1587661533703071	586	0
904	459.25	229.625	110.22	1587661533712652	1587661533713239	587	0
905	459.75	229.875	110.34	1587661533722837	1587661533723421	584	0
906	460.25	230.125	110.46	1587661533733005	1587661533733609	604	0
907	460.8	230.4	110.592	1587661533743175	1587661533743759	584	0
908	461.3	230.65	110.712	1587661533753346	1587661533753885	539	0
909	461.8	230.9	110.832	1587661533763513	1587661533764099	586	0
910	462.3	231.15	110.952	1587661533773702	1587661533774286	584	0
911	462.8	231.4	111.072	1587661533783888	1587661533784484	596	0
912	463.35	231.675	111.204	1587661533794060	1587661533794646	586	0
913	463.85	231.925	111.324	1587661533804223	1587661533804817	594	0
914	464.35	232.175	111.444	1587661533814401	1587661533814989	588	0
915	464.85	232.425	111.564	1587661533824562	1587661533825117	555	0
916	465.35	232.675	111.684	1587661533834729	1587661533835310	581	0
917	465.85	232.925	111.804	1587661533844907	1587661533845489	582	0
918	466.4	233.2	111.936	1587661533855084	1587661533855673	589	0
919	466.9	233.45	112.056	1587661533865251	1587661533865826	575	0
920	467.4	233.7	112.176	1587661533875452	1587661533876046	594	0
921	467.9	233.95	112.296	1587661533885612	1587661533886165	553	0
922	468.4	234.2	112.416	1587661533895779	1587661533896366	587	0
923	468.9	234.45	112.536	1587661533905943	1587661533906528	585	0
924	469.45	234.725	112.668	1587661533916110	1587661533916698	588	0
925	469.95	234.975	112.788	1587661533926281	1587661533926870	589	0
926	470.45	235.225	112.908	1587661533936471	1587661533937051	580	0
927	470.95	235.475	113.028	1587661533946643	1587661533947200	557	0
928	471.45	235.725	113.148	1587661533956812	1587661533957393	581	0
929	471.95	235.975	113.268	1587661533966979	1587661533967556	577	0
930	472.5	236.25	113.4	1587661533977171	1587661533977770	599	0
931	473	236.5	113.52	1587661533987946	1587661533988412	466	0
932	473.55	236.775	113.652	1587661533998106	1587661533998690	584	0
933	474.05	237.025	113.772	1587661534008266	1587661534008852	586	0
934	474.55	237.275	113.892	1587661534018427	1587661534019010	583	0
935	475.05	237.525	114.012	1587661534028586	1587661534029172	586	0
936	475.55	237.775	114.132	1587661534038745	1587661534039332	587	0
937	476.05	238.025	114.252	1587661534048874	1587661534050433	1559	0
938	476.55	238.275	114.372	1587661534059035	1587661534059647	612	0
939	477.1	238.55	114.504	1587661534069195	1587661534069823	628	0
940	477.6	238.8	114.624	1587661534079396	1587661534080022	626	0
941	478.1	239.05	114.744	1587661534089587	1587661534090144	557	0
942	478.6	239.3	114.864	1587661534099761	1587661534100377	616	0
943	479.1	239.55	114.984	1587661534109921	1587661534110506	585	0
944	479.65	239.825	115.116	1587661534120095	1587661534120712	617	0
945	480.15	240.075	115.236	1587661534130266	1587661534130886	620	0
946	480.65	240.325	115.356	1587661534140455	1587661534141072	617	0
947	481.15	240.575	115.476	1587661534150620	1587661534151654	1034	0
948	481.65	240.825	115.596	1587661534160788	1587661534161381	593	0
949	482.15	241.075	115.716	1587661534170956	1587661534171573	617	0
950	482.7	241.35	115.848	1587661534181160	1587661534181785	625	0
951	483.2	241.6	115.968	1587661534191330	1587661534191949	619	0
952	483.7	241.85	116.088	1587661534201504	1587661534202077	573	0
953	484.2	242.1	116.208	1587661534211671	1587661534212292	621	0
954	484.7	242.35	116.328	1587661534221836	1587661534222422	586	0
955	485.2	242.6	116.448	1587661534232017	1587661534232633	616	0
956	485.75	242.875	116.58	1587661534242194	1587661534242817	623	0
957	486.25	243.125	116.7	1587661534252371	1587661534252916	545	0
958	486.75	243.375	116.82	1587661534262537	1587661534263151	614	0
959	487.25	243.625	116.94	1587661534272703	1587661534273325	622	0
960	487.75	243.875	117.06	1587661534282894	1587661534283528	634	0
961	488.3	244.15	117.192	1587661534293053	1587661534293676	623	0
962	488.8	244.4	117.312	1587661534303234	1587661534303855	621	0
963	489.3	244.65	117.432	1587661534313409	1587661534313958	549	0
964	489.8	244.9	117.552	1587661534323583	1587661534324208	625	0
965	490.3	245.15	117.672	1587661534333747	1587661534334299	552	0
966	490.8	245.4	117.792	1587661534343929	1587661534344555	626	0
967	491.35	245.675	117.924	1587661534354101	1587661534354721	620	0
968	491.85	245.925	118.044	1587661534364276	1587661534364893	617	0
969	492.35	246.175	118.164	1587661534374446	1587661534375065	619	0
970	492.85	246.425	118.284	1587661534384640	1587661534385271	631	0
971	493.35	246.675	118.404	1587661534394806	1587661534395430	624	0
972	493.85	246.925	118.524	1587661534404974	1587661534405609	635	0
973	494.4	247.2	118.656	1587661534415143	1587661534415761	618	0
974	494.9	247.45	118.776	1587661534425320	1587661534425905	585	0
975	495.4	247.7	118.896	1587661534435488	1587661534436110	622	0
976	495.9	247.95	119.016	1587661534445665	1587661534446201	536	0
977	496.4	248.2	119.136	1587661534455860	1587661534456479	619	0
978	496.9	248.45	119.256	1587661534466028	1587661534466650	622	0
979	497.45	248.725	119.388	1587661534476197	1587661534476820	623	0
980	497.95	248.975	119.508	1587661534486406	1587661534487038	632	0
981	498.45	249.225	119.628	1587661534496565	1587661534497162	597	0
982	498.95	249.475	119.748	1587661534506737	1587661534507360	623	0
983	499.45	249.725	119.868	1587661534516908	1587661534517532	624	0
984	500	250	120	1587661534527080	1587661534527694	614	0
985	500.5	250.25	120.12	1587661534537251	1587661534537855	604	0
986	501	250.5	120.24	1587661534547418	1587661534548008	590	0
987	501.5	250.75	120.36	1587661534557600	1587661534558132	532	0
988	502	251	120.48	1587661534567768	1587661534568387	619	0
989	502.5	251.25	120.6	1587661534577933	1587661534578551	618	0
990	503.05	251.525	120.732	1587661534588128	1587661534588755	627	0
991	503.55	251.775	120.852	1587661534598287	1587661534598910	623	0
992	504.05	252.025	120.972	1587661534608457	1587661534609079	622	0
993	504.55	252.275	121.092	1587661534618631	1587661534619254	623	0
994	505.05	252.525	121.212	1587661534628808	1587661534629432	624	0
995	505.55	252.775	121.332	1587661534638976	1587661534639595	619	0
996	506.1	253.05	121.464	1587661534649145	1587661534649776	631	0
997	506.6	253.3	121.584	1587661534659315	1587661534659939	624	0
998	507.1	253.55	121.704	1587661534669483	1587661534670020	537	0
999	507.6	253.8	121.824	1587661534679650	1587661534680275	625	0
1000	508.1	254.05	121.944	1587661534689806	1587661534690437	631	0
1001	508.6	254.3	122.064	1587661534699966	-1	-1	1
1002	509.15	254.575	122.196	1587661534710142	-1	-1	1
1003	509.65	254.825	122.316	1587661534720320	-1	-1	1
1004	510.15	255.075	122.436	1587661534730480	-1	-1	1
1005	510.65	255.325	122.556	1587661534740641	-1	-1	1
1006	511.15	255.575	122.676	1587661534750810	-1	-1	1
1007	511.65	255.825	122.796	1587661534760977	-1	-1	1
1008	512.2	256.1	122.928	1587661534771160	-1	-1	1
1009	512.7	256.35	123.048	1587661534781330	-1	-1	1
Total loss: 10
