1	0	0	0	1587661524528212
2	0.55	0.275	0.132	1587661524538419
3	1.05	0.525	0.252	1587661524548584
4	1.55	0.775	0.372	1587661524558742
5	2.05	1.025	0.492	1587661524568900
6	2.6	1.3	0.624	1587661524579064
7	3.1	1.55	0.744	1587661524589236
8	3.6	1.8	0.864	1587661524599406
9	4.1	2.05	0.984	1587661524609580
10	4.6	2.3	1.104	1587661524619776
11	5.1	2.55	1.224	1587661524629925
12	5.65	2.825	1.356	1587661524640088
13	6.15	3.075	1.476	1587661524650267
14	6.65	3.325	1.596	1587661524660432
15	7.15	3.575	1.716	1587661524670601
16	7.65	3.825	1.836	1587661524680769
17	8.15	4.075	1.956	1587661524690932
18	8.7	4.35	2.088	1587661524701093
19	9.2	4.6	2.208	1587661524711250
20	9.7	4.85	2.328	1587661524721440
21	10.2	5.1	2.448	1587661524731596
22	10.7	5.35	2.568	1587661524741757
23	11.2	5.6	2.688	1587661524751926
24	11.75	5.875	2.82	1587661524762100
25	12.25	6.125	2.94	1587661524772266
26	12.75	6.375	3.06	1587661524782451
27	13.25	6.625	3.18	1587661524792594
28	13.75	6.875	3.3	1587661524802756
29	14.25	7.125	3.42	1587661524812916
30	14.8	7.4	3.552	1587661524823123
31	15.3	7.65	3.672	1587661524833283
32	15.8	7.9	3.792	1587661524843444
33	16.3	8.15	3.912	1587661524853613
34	16.8	8.4	4.032	1587661524863780
35	17.3	8.65	4.152	1587661524873938
36	17.85	8.925	4.284	1587661524884103
37	18.35	9.175	4.404	1587661524894296
38	18.85	9.425	4.524	1587661524904461
39	19.35	9.675	4.644	1587661524914622
40	19.85	9.925	4.764	1587661524924809
41	20.35	10.175	4.884	1587661524934980
42	20.9	10.45	5.016	1587661524945145
43	21.4	10.7	5.136	1587661524955317
44	21.9	10.95	5.256	1587661524965482
45	22.4	11.2	5.376	1587661524975651
46	22.9	11.45	5.496	1587661524985814
47	23.4	11.7	5.616	1587661524995980
48	23.95	11.975	5.748	1587661525006165
49	24.45	12.225	5.868	1587661525016338
50	24.95	12.475	5.988	1587661525026537
51	25.45	12.725	6.108	1587661525036691
52	25.95	12.975	6.228	1587661525046872
53	26.5	13.25	6.36	1587661525057041
54	27	13.5	6.48	1587661525067207
55	27.5	13.75	6.6	1587661525077373
56	28	14	6.72	1587661525087539
57	28.5	14.25	6.84	1587661525097702
58	29	14.5	6.96	1587661525107872
59	29.55	14.775	7.092	1587661525118042
60	30.05	15.025	7.212	1587661525128232
61	30.55	15.275	7.332	1587661525138394
62	31.05	15.525	7.452	1587661525148560
63	31.55	15.775	7.572	1587661525158730
64	32.05	16.025	7.692	1587661525168919
65	32.6	16.3	7.824	1587661525179085
66	33.1	16.55	7.944	1587661525189252
67	33.6	16.8	8.064	1587661525199447
68	34.1	17.05	8.184	1587661525209617
69	34.6	17.3	8.304	1587661525219790
70	35.1	17.55	8.424	1587661525229979
71	35.65	17.825	8.556	1587661525240136
72	36.15	18.075	8.676	1587661525250322
73	36.65	18.325	8.796	1587661525260485
74	37.15	18.575	8.916	1587661525270653
75	37.65	18.825	9.036	1587661525280838
76	38.15	19.075	9.156	1587661525291005
77	38.7	19.35	9.288	1587661525301175
78	39.2	19.6	9.408	1587661525311350
79	39.7	19.85	9.528	1587661525321518
80	40.2	20.1	9.648	1587661525331712
81	40.7	20.35	9.768	1587661525341864
82	41.2	20.6	9.888	1587661525352003
83	41.75	20.875	10.02	1587661525362170
84	42.25	21.125	10.14	1587661525372347
85	42.75	21.375	10.26	1587661525382518
86	43.25	21.625	10.38	1587661525392685
87	43.75	21.875	10.5	1587661525402853
88	44.25	22.125	10.62	1587661525413020
89	44.8	22.4	10.752	1587661525423197
90	45.3	22.65	10.872	1587661525433387
91	45.8	22.9	10.992	1587661525443545
92	46.3	23.15	11.112	1587661525453707
93	46.8	23.4	11.232	1587661525463890
94	47.35	23.675	11.364	1587661525474070
95	47.85	23.925	11.484	1587661525484237
96	48.35	24.175	11.604	1587661525494413
97	48.85	24.425	11.724	1587661525504584
98	49.35	24.675	11.844	1587661525514746
99	49.85	24.925	11.964	1587661525524913
100	50.4	25.2	12.096	1587661525535114
101	50.9	25.45	12.216	1587661525545277
102	51.4	25.7	12.336	1587661525555444
103	51.9	25.95	12.456	1587661525565618
104	52.4	26.2	12.576	1587661525575787
105	52.9	26.45	12.696	1587661525585954
106	53.45	26.725	12.828	1587661525596121
107	53.95	26.975	12.948	1587661525606304
108	54.45	27.225	13.068	1587661525616473
109	54.95	27.475	13.188	1587661525626643
110	55.45	27.725	13.308	1587661525636832
111	55.95	27.975	13.428	1587661525646992
112	56.5	28.25	13.56	1587661525657173
113	57	28.5	13.68	1587661525667349
114	57.5	28.75	13.8	1587661525677517
115	58	29	13.92	1587661525687689
116	58.5	29.25	14.04	1587661525697853
117	59	29.5	14.16	1587661525708021
118	59.55	29.775	14.292	1587661525718188
119	60.05	30.025	14.412	1587661525728352
120	60.55	30.275	14.532	1587661525738540
121	61.05	30.525	14.652	1587661525748697
122	61.55	30.775	14.772	1587661525758859
123	62.05	31.025	14.892	1587661525769020
124	62.6	31.3	15.024	1587661525779180
125	63.1	31.55	15.144	1587661525789342
126	63.6	31.8	15.264	1587661525799509
127	64.1	32.05	15.384	1587661525809684
128	64.6	32.3	15.504	1587661525819854
129	65.1	32.55	15.624	1587661525830024
130	65.65	32.825	15.756	1587661525840224
131	66.15	33.075	15.876	1587661525850382
132	66.65	33.325	15.996	1587661525860566
133	67.15	33.575	16.116	1587661525870735
134	67.65	33.825	16.236	1587661525880905
135	68.2	34.1	16.368	1587661525891076
136	68.7	34.35	16.488	1587661525901243
137	69.2	34.6	16.608	1587661525911423
138	69.7	34.85	16.728	1587661525921610
139	70.2	35.1	16.848	1587661525931784
140	70.7	35.35	16.968	1587661525941969
141	71.25	35.625	17.1	1587661525952128
142	71.75	35.875	17.22	1587661525962316
143	72.25	36.125	17.34	1587661525972484
144	72.75	36.375	17.46	1587661525982651
145	73.25	36.625	17.58	1587661525992819
146	73.75	36.875	17.7	1587661526002986
147	74.3	37.15	17.832	1587661526013153
148	74.8	37.4	17.952	1587661526023315
149	75.3	37.65	18.072	1587661526033483
150	75.8	37.9	18.192	1587661526043677
151	76.3	38.15	18.312	1587661526053799
152	76.8	38.4	18.432	1587661526063967
153	77.35	38.675	18.564	1587661526074135
154	77.85	38.925	18.684	1587661526084300
155	78.35	39.175	18.804	1587661526094487
156	78.85	39.425	18.924	1587661526104657
157	79.35	39.675	19.044	1587661526114820
158	79.85	39.925	19.164	1587661526125008
159	80.4	40.2	19.296	1587661526135175
160	80.9	40.45	19.416	1587661526145376
161	81.4	40.7	19.536	1587661526155555
162	81.9	40.95	19.656	1587661526165719
163	82.4	41.2	19.776	1587661526175879
164	82.95	41.475	19.908	1587661526186059
165	83.45	41.725	20.028	1587661526196226
166	83.95	41.975	20.148	1587661526206394
167	84.45	42.225	20.268	1587661526216560
168	84.95	42.475	20.388	1587661526226736
169	85.45	42.725	20.508	1587661526236906
170	86	43	20.64	1587661526247100
171	86.5	43.25	20.76	1587661526257259
172	87	43.5	20.88	1587661526267423
173	87.5	43.75	21	1587661526277611
174	88	44	21.12	1587661526287782
175	88.5	44.25	21.24	1587661526297946
176	89.05	44.525	21.372	1587661526308114
177	89.55	44.775	21.492	1587661526318302
178	90.05	45.025	21.612	1587661526328474
179	90.55	45.275	21.732	1587661526338644
180	91.05	45.525	21.852	1587661526348834
181	91.55	45.775	21.972	1587661526358992
182	92.1	46.05	22.104	1587661526369162
183	92.6	46.3	22.224	1587661526379335
184	93.1	46.55	22.344	1587661526389503
185	93.6	46.8	22.464	1587661526399670
186	94.1	47.05	22.584	1587661526409835
187	94.6	47.3	22.704	1587661526420005
188	95.15	47.575	22.836	1587661526430175
189	95.65	47.825	22.956	1587661526440342
190	96.15	48.075	23.076	1587661526450534
191	96.65	48.325	23.196	1587661526460692
192	97.15	48.575	23.316	1587661526470860
193	97.65	48.825	23.436	1587661526481026
194	98.2	49.1	23.568	1587661526491193
195	98.7	49.35	23.688	1587661526501370
196	99.2	49.6	23.808	1587661526511552
197	99.7	49.85	23.928	1587661526521715
198	100.2	50.1	24.048	1587661526531885
199	100.75	50.375	24.18	1587661526542054
200	101.25	50.625	24.3	1587661526552249
201	101.75	50.875	24.42	1587661526562408
202	102.25	51.125	24.54	1587661526572576
203	102.75	51.375	24.66	1587661526582744
204	103.25	51.625	24.78	1587661526592911
205	103.8	51.9	24.912	1587661526603083
206	104.3	52.15	25.032	1587661526613249
207	104.8	52.4	25.152	1587661526623417
208	105.3	52.65	25.272	1587661526633646
209	105.8	52.9	25.392	1587661526643818
210	106.3	53.15	25.512	1587661526653981
211	106.85	53.425	25.644	1587661526664144
212	107.35	53.675	25.764	1587661526674311
213	107.85	53.925	25.884	1587661526684487
214	108.35	54.175	26.004	1587661526694655
215	108.85	54.425	26.124	1587661526704826
216	109.35	54.675	26.244	1587661526714998
217	109.9	54.95	26.376	1587661526725165
218	110.4	55.2	26.496	1587661526735337
219	110.9	55.45	26.616	1587661526745505
220	111.4	55.7	26.736	1587661526755701
221	111.9	55.95	26.856	1587661526765855
222	112.4	56.2	26.976	1587661526776025
223	112.95	56.475	27.108	1587661526786192
224	113.45	56.725	27.228	1587661526796360
225	113.95	56.975	27.348	1587661526806537
226	114.45	57.225	27.468	1587661526816706
227	114.95	57.475	27.588	1587661526826875
228	115.5	57.75	27.72	1587661526837057
229	116	58	27.84	1587661526847235
230	116.5	58.25	27.96	1587661526857433
231	117	58.5	28.08	1587661526867591
232	117.5	58.75	28.2	1587661526877757
233	118	59	28.32	1587661526887922
234	118.55	59.275	28.452	1587661526898099
235	119.05	59.525	28.572	1587661526908267
236	119.55	59.775	28.692	1587661526918447
237	120.05	60.025	28.812	1587661526928616
238	120.55	60.275	28.932	1587661526938785
239	121.05	60.525	29.052	1587661526948957
240	121.6	60.8	29.184	1587661526959149
241	122.1	61.05	29.304	1587661526969314
242	122.6	61.3	29.424	1587661526979474
243	123.1	61.55	29.544	1587661526989650
244	123.6	61.8	29.664	1587661526999818
245	124.1	62.05	29.784	1587661527009987
246	124.65	62.325	29.916	1587661527020155
247	125.15	62.575	30.036	1587661527030324
248	125.65	62.825	30.156	1587661527040491
249	126.15	63.075	30.276	1587661527050657
250	126.65	63.325	30.396	1587661527060851
251	127.15	63.575	30.516	1587661527071014
252	127.7	63.85	30.648	1587661527081181
253	128.2	64.1	30.768	1587661527091357
254	128.7	64.35	30.888	1587661527101522
255	129.2	64.6	31.008	1587661527111690
256	129.7	64.85	31.128	1587661527121863
257	130.2	65.1	31.248	1587661527132034
258	130.75	65.375	31.38	1587661527142201
259	131.25	65.625	31.5	1587661527152369
260	131.75	65.875	31.62	1587661527162571
261	132.25	66.125	31.74	1587661527172729
262	132.75	66.375	31.86	1587661527182900
263	133.3	66.65	31.992	1587661527193070
264	133.8	66.9	32.112	1587661527203241
265	134.3	67.15	32.232	1587661527213411
266	134.8	67.4	32.352	1587661527223582
267	135.3	67.65	32.472	1587661527233747
268	135.8	67.9	32.592	1587661527243915
269	136.35	68.175	32.724	1587661527254085
270	136.85	68.425	32.844	1587661527264274
271	137.35	68.675	32.964	1587661527274435
272	137.85	68.925	33.084	1587661527284602
273	138.35	69.175	33.204	1587661527294774
274	138.85	69.425	33.324	1587661527304944
275	139.4	69.7	33.456	1587661527315106
276	139.9	69.95	33.576	1587661527325279
277	140.4	70.2	33.696	1587661527335446
278	140.9	70.45	33.816	1587661527345619
279	141.4	70.7	33.936	1587661527355792
280	141.9	70.95	34.056	1587661527365978
281	142.45	71.225	34.188	1587661527376139
282	142.95	71.475	34.308	1587661527386312
283	143.45	71.725	34.428	1587661527396491
284	143.95	71.975	34.548	1587661527406658
285	144.45	72.225	34.668	1587661527416827
286	144.95	72.475	34.788	1587661527426999
287	145.5	72.75	34.92	1587661527437170
288	146	73	35.04	1587661527447314
289	146.5	73.25	35.16	1587661527457483
290	147	73.5	35.28	1587661527467680
291	147.5	73.75	35.4	1587661527477831
292	148	74	35.52	1587661527487969
293	148.55	74.275	35.652	1587661527498140
294	149.05	74.525	35.772	1587661527508309
295	149.55	74.775	35.892	1587661527518479
296	150.05	75.025	36.012	1587661527528650
297	150.55	75.275	36.132	1587661527538821
298	151.05	75.525	36.252	1587661527548989
299	151.6	75.8	36.384	1587661527559162
300	152.1	76.05	36.504	1587661527569362
301	152.6	76.3	36.624	1587661527579524
302	153.1	76.55	36.744	1587661527589685
303	153.6	76.8	36.864	1587661527599866
304	154.1	77.05	36.984	1587661527610037
305	154.65	77.325	37.116	1587661527620205
306	155.15	77.575	37.236	1587661527630379
307	155.65	77.825	37.356	1587661527640550
308	156.15	78.075	37.476	1587661527650718
309	156.65	78.325	37.596	1587661527660889
310	157.2	78.6	37.728	1587661527671083
311	157.7	78.85	37.848	1587661527681238
312	158.2	79.1	37.968	1587661527691407
313	158.7	79.35	38.088	1587661527701588
314	159.2	79.6	38.208	1587661527711756
315	159.7	79.85	38.328	1587661527721918
316	160.25	80.125	38.46	1587661527732097
317	160.75	80.375	38.58	1587661527742279
318	161.25	80.625	38.7	1587661527752448
319	161.75	80.875	38.82	1587661527762617
320	162.25	81.125	38.94	1587661527772811
321	162.75	81.375	39.06	1587661527782969
322	163.3	81.65	39.192	1587661527793139
323	163.8	81.9	39.312	1587661527803301
324	164.3	82.15	39.432	1587661527813472
325	164.8	82.4	39.552	1587661527823634
326	165.3	82.65	39.672	1587661527833794
327	165.8	82.9	39.792	1587661527843953
328	166.35	83.175	39.924	1587661527854096
329	166.85	83.425	40.044	1587661527864274
330	167.35	83.675	40.164	1587661527874429
331	167.85	83.925	40.284	1587661527884582
332	168.35	84.175	40.404	1587661527894750
333	168.85	84.425	40.524	1587661527904917
334	169.4	84.7	40.656	1587661527915074
335	169.9	84.95	40.776	1587661527925236
336	170.4	85.2	40.896	1587661527935411
337	170.9	85.45	41.016	1587661527945584
338	171.4	85.7	41.136	1587661527955752
339	171.9	85.95	41.256	1587661527965919
340	172.45	86.225	41.388	1587661527976103
341	172.95	86.475	41.508	1587661527986261
342	173.45	86.725	41.628	1587661527996432
343	173.95	86.975	41.748	1587661528006612
344	174.45	87.225	41.868	1587661528016781
345	174.95	87.475	41.988	1587661528026948
346	175.5	87.75	42.12	1587661528037119
347	176	88	42.24	1587661528047292
348	176.5	88.25	42.36	1587661528057476
349	177	88.5	42.48	1587661528067647
350	177.5	88.75	42.6	1587661528077836
351	178	89	42.72	1587661528087991
352	178.55	89.275	42.852	1587661528098179
353	179.05	89.525	42.972	1587661528108356
354	179.55	89.775	43.092	1587661528118522
355	180.05	90.025	43.212	1587661528128690
356	180.55	90.275	43.332	1587661528138873
357	181.05	90.525	43.452	1587661528149040
358	181.6	90.8	43.584	1587661528159210
359	182.1	91.05	43.704	1587661528169385
360	182.6	91.3	43.824	1587661528179588
361	183.1	91.55	43.944	1587661528189744
362	183.6	91.8	44.064	1587661528199916
363	184.15	92.075	44.196	1587661528210087
364	184.65	92.325	44.316	1587661528220258
365	185.15	92.575	44.436	1587661528230445
366	185.65	92.825	44.556	1587661528240612
367	186.15	93.075	44.676	1587661528250779
368	186.65	93.325	44.796	1587661528260943
369	187.2	93.6	44.928	1587661528271113
370	187.7	93.85	45.048	1587661528281300
371	188.2	94.1	45.168	1587661528291455
372	188.7	94.35	45.288	1587661528301629
373	189.2	94.6	45.408	1587661528311795
374	189.7	94.85	45.528	1587661528321958
375	190.25	95.125	45.66	1587661528332124
376	190.75	95.375	45.78	1587661528342292
377	191.25	95.625	45.9	1587661528352459
378	191.75	95.875	46.02	1587661528362631
379	192.25	96.125	46.14	1587661528372799
380	192.75	96.375	46.26	1587661528383006
381	193.3	96.65	46.392	1587661528393166
382	193.8	96.9	46.512	1587661528403339
383	194.3	97.15	46.632	1587661528413507
384	194.8	97.4	46.752	1587661528423678
385	195.3	97.65	46.872	1587661528433842
386	195.8	97.9	46.992	1587661528444010
387	196.35	98.175	47.124	1587661528454184
388	196.85	98.425	47.244	1587661528464368
389	197.35	98.675	47.364	1587661528474541
390	197.85	98.925	47.484	1587661528484736
391	198.35	99.175	47.604	1587661528494894
392	198.9	99.45	47.736	1587661528505061
393	199.4	99.7	47.856	1587661528515237
394	199.9	99.95	47.976	1587661528525408
395	200.4	100.2	48.096	1587661528535578
396	200.9	100.45	48.216	1587661528545743
397	201.4	100.7	48.336	1587661528555915
398	201.95	100.975	48.468	1587661528566096
399	202.45	101.225	48.588	1587661528576267
400	202.95	101.475	48.708	1587661528586475
401	203.45	101.725	48.828	1587661528596634
402	203.95	101.975	48.948	1587661528606802
403	204.45	102.225	49.068	1587661528616973
404	205	102.5	49.2	1587661528627144
405	205.5	102.75	49.32	1587661528637315
406	206	103	49.44	1587661528647485
407	206.5	103.25	49.56	1587661528657655
408	207	103.5	49.68	1587661528667824
409	207.5	103.75	49.8	1587661528677990
410	208.05	104.025	49.932	1587661528688182
411	208.55	104.275	50.052	1587661528698342
412	209.05	104.525	50.172	1587661528708508
413	209.55	104.775	50.292	1587661528718694
414	210.05	105.025	50.412	1587661528728859
415	210.55	105.275	50.532	1587661528739029
416	211.1	105.55	50.664	1587661528749197
417	211.6	105.8	50.784	1587661528759363
418	212.1	106.05	50.904	1587661528769543
419	212.6	106.3	51.024	1587661528779724
420	213.1	106.55	51.144	1587661528789908
421	213.65	106.825	51.276	1587661528800065
422	214.15	107.075	51.396	1587661528810233
423	214.65	107.325	51.516	1587661528820400
424	215.15	107.575	51.636	1587661528830575
425	215.65	107.825	51.756	1587661528840748
426	216.15	108.075	51.876	1587661528850921
427	216.7	108.35	52.008	1587661528861088
428	217.2	108.6	52.128	1587661528871248
429	217.7	108.85	52.248	1587661528881421
430	218.2	109.1	52.368	1587661528891617
431	218.7	109.35	52.488	1587661528901737
432	219.2	109.6	52.608	1587661528911906
433	219.75	109.875	52.74	1587661528922073
434	220.25	110.125	52.86	1587661528932240
435	220.75	110.375	52.98	1587661528942417
436	221.25	110.625	53.1	1587661528952584
437	221.75	110.875	53.22	1587661528962752
438	222.25	111.125	53.34	1587661528972920
439	222.8	111.4	53.472	1587661528983095
440	223.3	111.65	53.592	1587661528993292
441	223.8	111.9	53.712	1587661529003451
442	224.3	112.15	53.832	1587661529013630
443	224.8	112.4	53.952	1587661529023802
444	225.3	112.65	54.072	1587661529033971
445	225.85	112.925	54.204	1587661529044140
446	226.35	113.175	54.324	1587661529054320
447	226.85	113.425	54.444	1587661529064489
448	227.35	113.675	54.564	1587661529074659
449	227.85	113.925	54.684	1587661529084823
450	228.35	114.175	54.804	1587661529095023
451	228.9	114.45	54.936	1587661529105183
452	229.4	114.7	55.056	1587661529115368
453	229.9	114.95	55.176	1587661529125537
454	230.4	115.2	55.296	1587661529135712
455	230.9	115.45	55.416	1587661529145876
456	231.45	115.725	55.548	1587661529156044
457	231.95	115.975	55.668	1587661529166213
458	232.45	116.225	55.788	1587661529176382
459	232.95	116.475	55.908	1587661529186551
460	233.45	116.725	56.028	1587661529196750
461	233.95	116.975	56.148	1587661529206911
462	234.5	117.25	56.28	1587661529217081
463	235	117.5	56.4	1587661529227251
464	235.5	117.75	56.52	1587661529237434
465	236	118	56.64	1587661529247606
466	236.5	118.25	56.76	1587661529257772
467	237	118.5	56.88	1587661529267938
468	237.55	118.775	57.012	1587661529278093
469	238.05	119.025	57.132	1587661529288259
470	238.55	119.275	57.252	1587661529298474
471	239.05	119.525	57.372	1587661529308630
472	239.55	119.775	57.492	1587661529318802
473	240.05	120.025	57.612	1587661529328972
474	240.6	120.3	57.744	1587661529339137
475	241.1	120.55	57.864	1587661529349313
476	241.6	120.8	57.984	1587661529359485
477	242.1	121.05	58.104	1587661529369659
478	242.6	121.3	58.224	1587661529379832
479	243.1	121.55	58.344	1587661529390002
480	243.65	121.825	58.476	1587661529400197
481	244.15	122.075	58.596	1587661529410376
482	244.65	122.325	58.716	1587661529420548
483	245.15	122.575	58.836	1587661529430727
484	245.65	122.825	58.956	1587661529440900
485	246.2	123.1	59.088	1587661529451072
486	246.7	123.35	59.208	1587661529461242
487	247.2	123.6	59.328	1587661529471403
488	247.7	123.85	59.448	1587661529481585
489	248.2	124.1	59.568	1587661529491755
490	248.7	124.35	59.688	1587661529501945
491	249.25	124.625	59.82	1587661529512104
492	249.75	124.875	59.94	1587661529522275
493	250.25	125.125	60.06	1587661529532452
494	250.75	125.375	60.18	1587661529542623
495	251.25	125.625	60.3	1587661529552791
496	251.75	125.875	60.42	1587661529562959
497	252.3	126.15	60.552	1587661529573127
498	252.8	126.4	60.672	1587661529583310
499	253.3	126.65	60.792	1587661529593482
500	253.8	126.9	60.912	1587661529603679
501	254.3	127.15	61.032	1587661529613836
502	254.8	127.4	61.152	1587661529624009
503	255.35	127.675	61.284	1587661529634187
504	255.85	127.925	61.404	1587661529644362
505	256.35	128.175	61.524	1587661529654558
506	256.85	128.425	61.644	1587661529664727
507	257.35	128.675	61.764	1587661529674900
508	257.9	128.95	61.896	1587661529685069
509	258.4	129.2	62.016	1587661529695241
510	258.9	129.45	62.136	1587661529705444
511	259.4	129.7	62.256	1587661529715615
512	259.9	129.95	62.376	1587661529725749
513	260.4	130.2	62.496	1587661529735918
514	260.95	130.475	62.628	1587661529746104
515	261.45	130.725	62.748	1587661529756281
516	261.95	130.975	62.868	1587661529766464
517	262.45	131.225	62.988	1587661529776652
518	262.95	131.475	63.108	1587661529786824
519	263.45	131.725	63.228	1587661529796995
520	264	132	63.36	1587661529807209
521	264.5	132.25	63.48	1587661529817377
522	265	132.5	63.6	1587661529827547
523	265.5	132.75	63.72	1587661529837713
524	266	133	63.84	1587661529847888
525	266.55	133.275	63.972	1587661529858061
526	267.05	133.525	64.092	1587661529868230
527	267.55	133.775	64.212	1587661529878390
528	268.05	134.025	64.332	1587661529888551
529	268.55	134.275	64.452	1587661529898692
530	269.05	134.525	64.572	1587661529908881
531	269.55	134.775	64.692	1587661529919031
532	270.1	135.05	64.824	1587661529929192
533	270.6	135.3	64.944	1587661529939354
534	271.1	135.55	65.064	1587661529949516
535	271.6	135.8	65.184	1587661529959681
536	272.1	136.05	65.304	1587661529969841
537	272.6	136.3	65.424	1587661529980008
538	273.15	136.575	65.556	1587661529990168
539	273.65	136.825	65.676	1587661530000335
540	274.15	137.075	65.796	1587661530010540
541	274.65	137.325	65.916	1587661530020698
542	275.15	137.575	66.036	1587661530030868
543	275.7	137.85	66.168	1587661530041059
544	276.2	138.1	66.288	1587661530051239
545	276.7	138.35	66.408	1587661530061418
546	277.2	138.6	66.528	1587661530071585
547	277.7	138.85	66.648	1587661530081747
548	278.2	139.1	66.768	1587661530091917
549	278.75	139.375	66.9	1587661530102084
550	279.25	139.625	67.02	1587661530112277
551	279.75	139.875	67.14	1587661530122450
552	280.25	140.125	67.26	1587661530132626
553	280.75	140.375	67.38	1587661530142822
554	281.25	140.625	67.5	1587661530153005
555	281.8	140.9	67.632	1587661530163172
556	282.3	141.15	67.752	1587661530173347
557	282.8	141.4	67.872	1587661530183518
558	283.3	141.65	67.992	1587661530193680
559	283.8	141.9	68.112	1587661530203844
560	284.3	142.15	68.232	1587661530214037
561	284.85	142.425	68.364	1587661530224196
562	285.35	142.675	68.484	1587661530234367
563	285.85	142.925	68.604	1587661530244539
564	286.35	143.175	68.724	1587661530254720
565	286.85	143.425	68.844	1587661530264885
566	287.4	143.7	68.976	1587661530275049
567	287.9	143.95	69.096	1587661530285217
568	288.4	144.2	69.216	1587661530295395
569	288.9	144.45	69.336	1587661530305576
570	289.4	144.7	69.456	1587661530315770
571	289.9	144.95	69.576	1587661530325922
572	290.45	145.225	69.708	1587661530336091
573	290.95	145.475	69.828	1587661530346258
574	291.45	145.725	69.948	1587661530356431
575	291.95	145.975	70.068	1587661530366602
576	292.45	146.225	70.188	1587661530376769
577	292.95	146.475	70.308	1587661530386944
578	293.5	146.75	70.44	1587661530397112
579	294	147	70.56	1587661530407279
580	294.5	147.25	70.68	1587661530417475
581	295	147.5	70.8	1587661530427635
582	295.5	147.75	70.92	1587661530437796
583	296	148	71.04	1587661530447963
584	296.55	148.275	71.172	1587661530458130
585	297.05	148.525	71.292	1587661530468300
586	297.55	148.775	71.412	1587661530478480
587	298.05	149.025	71.532	1587661530488651
588	298.55	149.275	71.652	1587661530498823
589	299.05	149.525	71.772	1587661530508990
590	299.6	149.8	71.904	1587661530519189
591	300.1	150.05	72.024	1587661530529354
592	300.6	150.3	72.144	1587661530539521
593	301.1	150.55	72.264	1587661530549688
594	301.6	150.8	72.384	1587661530559859
595	302.1	151.05	72.504	1587661530570026
596	302.65	151.325	72.636	1587661530580188
597	303.15	151.575	72.756	1587661530590351
598	303.65	151.825	72.876	1587661530600515
599	304.15	152.075	72.996	1587661530610686
600	304.65	152.325	73.116	1587661530620884
601	305.2	152.6	73.248	1587661530631060
602	305.7	152.85	73.368	1587661530641227
603	306.2	153.1	73.488	1587661530651394
604	306.7	153.35	73.608	1587661530661611
605	307.2	153.6	73.728	1587661530671779
606	307.7	153.85	73.848	1587661530681945
607	308.25	154.125	73.98	1587661530692113
608	308.75	154.375	74.1	1587661530702281
609	309.25	154.625	74.22	1587661530712452
610	309.75	154.875	74.34	1587661530722654
611	310.25	155.125	74.46	1587661530732813
612	310.75	155.375	74.58	1587661530742975
613	311.3	155.65	74.712	1587661530753100
614	311.8	155.9	74.832	1587661530763268
615	312.3	156.15	74.952	1587661530773432
616	312.8	156.4	75.072	1587661530783612
617	313.3	156.65	75.192	1587661530793743
618	313.8	156.9	75.312	1587661530803937
619	314.35	157.175	75.444	1587661530814117
620	314.85	157.425	75.564	1587661530824309
621	315.35	157.675	75.684	1587661530834477
622	315.85	157.925	75.804	1587661530844644
623	316.35	158.175	75.924	1587661530854810
624	316.85	158.425	76.044	1587661530864977
625	317.4	158.7	76.176	1587661530875144
626	317.9	158.95	76.296	1587661530885318
627	318.4	159.2	76.416	1587661530895485
628	318.9	159.45	76.536	1587661530905660
629	319.4	159.7	76.656	1587661530915826
630	319.9	159.95	76.776	1587661530926001
631	320.45	160.225	76.908	1587661530936159
632	320.95	160.475	77.028	1587661530946329
633	321.45	160.725	77.148	1587661530956500
634	321.95	160.975	77.268	1587661530966666
635	322.45	161.225	77.388	1587661530976835
636	322.95	161.475	77.508	1587661530986999
637	323.5	161.75	77.64	1587661530997167
638	324	162	77.76	1587661531007339
639	324.5	162.25	77.88	1587661531017503
640	325	162.5	78	1587661531027697
641	325.5	162.75	78.12	1587661531037855
642	326	163	78.24	1587661531048022
643	326.55	163.275	78.372	1587661531058196
644	327.05	163.525	78.492	1587661531068369
645	327.55	163.775	78.612	1587661531078538
646	328.05	164.025	78.732	1587661531088706
647	328.55	164.275	78.852	1587661531098873
648	329.05	164.525	78.972	1587661531109040
649	329.6	164.8	79.104	1587661531119212
650	330.1	165.05	79.224	1587661531129414
651	330.6	165.3	79.344	1587661531139576
652	331.1	165.55	79.464	1587661531149677
653	331.6	165.8	79.584	1587661531159844
654	332.1	166.05	79.704	1587661531170010
655	332.65	166.325	79.836	1587661531180180
656	333.15	166.575	79.956	1587661531190342
657	333.65	166.825	80.076	1587661531200514
658	334.15	167.075	80.196	1587661531210694
659	334.65	167.325	80.316	1587661531220864
660	335.15	167.575	80.436	1587661531231057
661	335.7	167.85	80.568	1587661531241216
662	336.2	168.1	80.688	1587661531251391
663	336.7	168.35	80.808	1587661531261555
664	337.2	168.6	80.928	1587661531271743
665	337.7	168.85	81.048	1587661531281869
666	338.2	169.1	81.168	1587661531292034
667	338.75	169.375	81.3	1587661531302201
668	339.25	169.625	81.42	1587661531312375
669	339.75	169.875	81.54	1587661531322547
670	340.25	170.125	81.66	1587661531332740
671	340.75	170.375	81.78	1587661531342898
672	341.3	170.65	81.912	1587661531353066
673	341.8	170.9	82.032	1587661531363233
674	342.3	171.15	82.152	1587661531373404
675	342.8	171.4	82.272	1587661531383574
676	343.3	171.65	82.392	1587661531393740
677	343.8	171.9	82.512	1587661531403906
678	344.35	172.175	82.644	1587661531414073
679	344.85	172.425	82.764	1587661531424240
680	345.35	172.675	82.884	1587661531434434
681	345.85	172.925	83.004	1587661531444595
682	346.35	173.175	83.124	1587661531454763
683	346.85	173.425	83.244	1587661531464932
684	347.4	173.7	83.376	1587661531475099
685	347.9	173.95	83.496	1587661531485271
686	348.4	174.2	83.616	1587661531495437
687	348.9	174.45	83.736	1587661531505618
688	349.4	174.7	83.856	1587661531515789
689	349.9	174.95	83.976	1587661531525954
690	350.45	175.225	84.108	1587661531536151
691	350.95	175.475	84.228	1587661531546321
692	351.45	175.725	84.348	1587661531556490
693	351.95	175.975	84.468	1587661531566659
694	352.45	176.225	84.588	1587661531576831
695	352.95	176.475	84.708	1587661531586996
696	353.5	176.75	84.84	1587661531597164
697	354	177	84.96	1587661531607355
698	354.5	177.25	85.08	1587661531617523
699	355	177.5	85.2	1587661531627690
700	355.5	177.75	85.32	1587661531637878
701	356	178	85.44	1587661531648036
702	356.55	178.275	85.572	1587661531658203
703	357.05	178.525	85.692	1587661531668378
704	357.55	178.775	85.812	1587661531678550
705	358.05	179.025	85.932	1587661531688717
706	358.55	179.275	86.052	1587661531698884
707	359.1	179.55	86.184	1587661531709051
708	359.6	179.8	86.304	1587661531719228
709	360.1	180.05	86.424	1587661531729399
710	360.6	180.3	86.544	1587661531739594
711	361.1	180.55	86.664	1587661531749745
712	361.6	180.8	86.784	1587661531759913
713	362.15	181.075	86.916	1587661531770081
714	362.65	181.325	87.036	1587661531780252
715	363.15	181.575	87.156	1587661531790447
716	363.65	181.825	87.276	1587661531800627
717	364.15	182.075	87.396	1587661531810798
718	364.65	182.325	87.516	1587661531820967
719	365.2	182.6	87.648	1587661531831135
720	365.7	182.85	87.768	1587661531841325
721	366.2	183.1	87.888	1587661531851491
722	366.7	183.35	88.008	1587661531861666
723	367.2	183.6	88.128	1587661531871834
724	367.7	183.85	88.248	1587661531882001
725	368.25	184.125	88.38	1587661531892168
726	368.75	184.375	88.5	1587661531902359
727	369.25	184.625	88.62	1587661531912524
728	369.75	184.875	88.74	1587661531922693
729	370.25	185.125	88.86	1587661531932880
730	370.8	185.4	88.992	1587661531943072
731	371.3	185.65	89.112	1587661531953236
732	371.8	185.9	89.232	1587661531963406
733	372.3	186.15	89.352	1587661531973578
734	372.8	186.4	89.472	1587661531983740
735	373.3	186.65	89.592	1587661531993899
736	373.85	186.925	89.724	1587661532004062
737	374.35	187.175	89.844	1587661532014223
738	374.85	187.425	89.964	1587661532024352
739	375.35	187.675	90.084	1587661532034514
740	375.85	187.925	90.204	1587661532044700
741	376.35	188.175	90.324	1587661532054861
742	376.85	188.425	90.444	1587661532065032
743	377.4	188.7	90.576	1587661532075200
744	377.9	188.95	90.696	1587661532085376
745	378.4	189.2	90.816	1587661532095543
746	378.9	189.45	90.936	1587661532105708
747	379.4	189.7	91.056	1587661532115880
748	379.9	189.95	91.176	1587661532126023
749	380.45	190.225	91.308	1587661532136194
750	380.95	190.475	91.428	1587661532146406
751	381.45	190.725	91.548	1587661532156568
752	381.95	190.975	91.668	1587661532166736
753	382.45	191.225	91.788	1587661532176921
754	383	191.5	91.92	1587661532187087
755	383.5	191.75	92.04	1587661532197252
756	384	192	92.16	1587661532207430
757	384.5	192.25	92.28	1587661532217619
758	385	192.5	92.4	1587661532227739
759	385.5	192.75	92.52	1587661532237907
760	386.05	193.025	92.652	1587661532248097
761	386.55	193.275	92.772	1587661532258256
762	387.05	193.525	92.892	1587661532268428
763	387.55	193.775	93.012	1587661532278572
764	388.05	194.025	93.132	1587661532288735
765	388.55	194.275	93.252	1587661532298905
766	389.1	194.55	93.384	1587661532309072
767	389.6	194.8	93.504	1587661532319239
768	390.1	195.05	93.624	1587661532329402
769	390.6	195.3	93.744	1587661532339569
770	391.1	195.55	93.864	1587661532349696
771	391.6	195.8	93.984	1587661532359854
772	392.1	196.05	94.104	1587661532370020
773	392.65	196.325	94.236	1587661532380188
774	393.15	196.575	94.356	1587661532390349
775	393.65	196.825	94.476	1587661532400514
776	394.15	197.075	94.596	1587661532410684
777	394.65	197.325	94.716	1587661532420853
778	395.15	197.575	94.836	1587661532431017
779	395.7	197.85	94.968	1587661532441184
780	396.2	198.1	95.088	1587661532451369
781	396.7	198.35	95.208	1587661532461526
782	397.2	198.6	95.328	1587661532471698
783	397.7	198.85	95.448	1587661532481823
784	398.2	199.1	95.568	1587661532491993
785	398.75	199.375	95.7	1587661532502161
786	399.25	199.625	95.82	1587661532512333
787	399.75	199.875	95.94	1587661532522506
788	400.25	200.125	96.06	1587661532532691
789	400.75	200.375	96.18	1587661532542866
790	401.25	200.625	96.3	1587661532553061
791	401.8	200.9	96.432	1587661532563218
792	402.3	201.15	96.552	1587661532573395
793	402.8	201.4	96.672	1587661532583559
794	403.3	201.65	96.792	1587661532593725
795	403.8	201.9	96.912	1587661532603897
796	404.35	202.175	97.044	1587661532614056
797	404.85	202.425	97.164	1587661532624236
798	405.35	202.675	97.284	1587661532634410
799	405.85	202.925	97.404	1587661532644578
800	406.35	203.175	97.524	1587661532654771
801	406.85	203.425	97.644	1587661532664922
802	407.4	203.7	97.776	1587661532675091
803	407.9	203.95	97.896	1587661532685261
804	408.4	204.2	98.016	1587661532695435
805	408.9	204.45	98.136	1587661532705650
806	409.4	204.7	98.256	1587661532715817
807	409.9	204.95	98.376	1587661532725989
808	410.45	205.225	98.508	1587661532736159
809	410.95	205.475	98.628	1587661532746327
810	411.45	205.725	98.748	1587661532756520
811	411.95	205.975	98.868	1587661532766679
812	412.45	206.225	98.988	1587661532776849
813	412.95	206.475	99.108	1587661532787014
814	413.5	206.75	99.24	1587661532797199
815	414	207	99.36	1587661532807383
816	414.5	207.25	99.48	1587661532817554
817	415	207.5	99.6	1587661532827734
818	415.5	207.75	99.72	1587661532837896
819	416.05	208.025	99.852	1587661532848063
820	416.55	208.275	99.972	1587661532858256
821	417.05	208.525	100.092	1587661532868410
822	417.55	208.775	100.212	1587661532878581
823	418.05	209.025	100.332	1587661532888752
824	418.55	209.275	100.452	1587661532898923
825	419.1	209.55	100.584	1587661532909090
826	419.6	209.8	100.704	1587661532919259
827	420.1	210.05	100.824	1587661532929434
828	420.6	210.3	100.944	1587661532939613
829	421.1	210.55	101.064	1587661532949774
830	421.6	210.8	101.184	1587661532959966
831	422.15	211.075	101.316	1587661532970124
832	422.65	211.325	101.436	1587661532980318
833	423.15	211.575	101.556	1587661532990493
834	423.65	211.825	101.676	1587661533000659
835	424.15	212.075	101.796	1587661533010832
836	424.65	212.325	101.916	1587661533020999
837	425.2	212.6	102.048	1587661533031163
838	425.7	212.85	102.168	1587661533041337
839	426.2	213.1	102.288	1587661533051498
840	426.7	213.35	102.408	1587661533061710
841	427.2	213.6	102.528	1587661533071873
842	427.75	213.875	102.66	1587661533082043
843	428.25	214.125	102.78	1587661533092214
844	428.75	214.375	102.9	1587661533102393
845	429.25	214.625	103.02	1587661533112564
846	429.75	214.875	103.14	1587661533122730
847	430.25	215.125	103.26	1587661533132901
848	430.8	215.4	103.392	1587661533143072
849	431.3	215.65	103.512	1587661533153240
850	431.8	215.9	103.632	1587661533163432
851	432.3	216.15	103.752	1587661533173601
852	432.8	216.4	103.872	1587661533183772
853	433.3	216.65	103.992	1587661533193941
854	433.85	216.925	104.124	1587661533204108
855	434.35	217.175	104.244	1587661533214275
856	434.85	217.425	104.364	1587661533224443
857	435.35	217.675	104.484	1587661533234609
858	435.85	217.925	104.604	1587661533244782
859	436.35	218.175	104.724	1587661533254951
860	436.9	218.45	104.856	1587661533265151
861	437.4	218.7	104.976	1587661533275315
862	437.9	218.95	105.096	1587661533285480
863	438.4	219.2	105.216	1587661533295644
864	438.9	219.45	105.336	1587661533305811
865	439.4	219.7	105.456	1587661533315982
866	439.95	219.975	105.588	1587661533326152
867	440.45	220.225	105.708	1587661533336327
868	440.95	220.475	105.828	1587661533346510
869	441.45	220.725	105.948	1587661533356679
870	441.95	220.975	106.068	1587661533366870
871	442.45	221.225	106.188	1587661533377025
872	443	221.5	106.32	1587661533387188
873	443.5	221.75	106.44	1587661533397358
874	444	222	106.56	1587661533407526
875	444.5	222.25	106.68	1587661533417691
876	445	222.5	106.8	1587661533427859
877	445.5	222.75	106.92	1587661533438018
878	446.05	223.025	107.052	1587661533448185
879	446.55	223.275	107.172	1587661533458361
880	447.05	223.525	107.292	1587661533468558
881	447.55	223.775	107.412	1587661533478716
882	448.05	224.025	107.532	1587661533488887
883	448.6	224.3	107.664	1587661533499055
884	449.1	224.55	107.784	1587661533509228
885	449.6	224.8	107.904	1587661533519405
886	450.1	225.05	108.024	1587661533529584
887	450.6	225.3	108.144	1587661533539744
888	451.1	225.55	108.264	1587661533549905
889	451.65	225.825	108.396	1587661533560077
890	452.15	226.075	108.516	1587661533570267
891	452.65	226.325	108.636	1587661533580420
892	453.15	226.575	108.756	1587661533590599
893	453.65	226.825	108.876	1587661533600769
894	454.15	227.075	108.996	1587661533610939
895	454.7	227.35	109.128	1587661533621110
896	455.2	227.6	109.248	1587661533631280
897	455.7	227.85	109.368	1587661533641447
898	456.2	228.1	109.488	1587661533651618
899	456.7	228.35	109.608	1587661533661787
900	457.2	228.6	109.728	1587661533671979
901	457.75	228.875	109.86	1587661533682136
902	458.25	229.125	109.98	1587661533692307
903	458.75	229.375	110.1	1587661533702485
904	459.25	229.625	110.22	1587661533712652
905	459.75	229.875	110.34	1587661533722837
906	460.25	230.125	110.46	1587661533733005
907	460.8	230.4	110.592	1587661533743175
908	461.3	230.65	110.712	1587661533753346
909	461.8	230.9	110.832	1587661533763513
910	462.3	231.15	110.952	1587661533773702
911	462.8	231.4	111.072	1587661533783888
912	463.35	231.675	111.204	1587661533794060
913	463.85	231.925	111.324	1587661533804223
914	464.35	232.175	111.444	1587661533814401
915	464.85	232.425	111.564	1587661533824562
916	465.35	232.675	111.684	1587661533834729
917	465.85	232.925	111.804	1587661533844907
918	466.4	233.2	111.936	1587661533855084
919	466.9	233.45	112.056	1587661533865251
920	467.4	233.7	112.176	1587661533875452
921	467.9	233.95	112.296	1587661533885612
922	468.4	234.2	112.416	1587661533895779
923	468.9	234.45	112.536	1587661533905943
924	469.45	234.725	112.668	1587661533916110
925	469.95	234.975	112.788	1587661533926281
926	470.45	235.225	112.908	1587661533936471
927	470.95	235.475	113.028	1587661533946643
928	471.45	235.725	113.148	1587661533956812
929	471.95	235.975	113.268	1587661533966979
930	472.5	236.25	113.4	1587661533977171
931	473	236.5	113.52	1587661533987946
932	473.55	236.775	113.652	1587661533998106
933	474.05	237.025	113.772	1587661534008266
934	474.55	237.275	113.892	1587661534018427
935	475.05	237.525	114.012	1587661534028586
936	475.55	237.775	114.132	1587661534038745
937	476.05	238.025	114.252	1587661534048874
938	476.55	238.275	114.372	1587661534059035
939	477.1	238.55	114.504	1587661534069195
940	477.6	238.8	114.624	1587661534079396
941	478.1	239.05	114.744	1587661534089587
942	478.6	239.3	114.864	1587661534099761
943	479.1	239.55	114.984	1587661534109921
944	479.65	239.825	115.116	1587661534120095
945	480.15	240.075	115.236	1587661534130266
946	480.65	240.325	115.356	1587661534140455
947	481.15	240.575	115.476	1587661534150620
948	481.65	240.825	115.596	1587661534160788
949	482.15	241.075	115.716	1587661534170956
950	482.7	241.35	115.848	1587661534181160
951	483.2	241.6	115.968	1587661534191330
952	483.7	241.85	116.088	1587661534201504
953	484.2	242.1	116.208	1587661534211671
954	484.7	242.35	116.328	1587661534221836
955	485.2	242.6	116.448	1587661534232017
956	485.75	242.875	116.58	1587661534242194
957	486.25	243.125	116.7	1587661534252371
958	486.75	243.375	116.82	1587661534262537
959	487.25	243.625	116.94	1587661534272703
960	487.75	243.875	117.06	1587661534282894
961	488.3	244.15	117.192	1587661534293053
962	488.8	244.4	117.312	1587661534303234
963	489.3	244.65	117.432	1587661534313409
964	489.8	244.9	117.552	1587661534323583
965	490.3	245.15	117.672	1587661534333747
966	490.8	245.4	117.792	1587661534343929
967	491.35	245.675	117.924	1587661534354101
968	491.85	245.925	118.044	1587661534364276
969	492.35	246.175	118.164	1587661534374446
970	492.85	246.425	118.284	1587661534384640
971	493.35	246.675	118.404	1587661534394806
972	493.85	246.925	118.524	1587661534404974
973	494.4	247.2	118.656	1587661534415143
974	494.9	247.45	118.776	1587661534425320
975	495.4	247.7	118.896	1587661534435488
976	495.9	247.95	119.016	1587661534445665
977	496.4	248.2	119.136	1587661534455860
978	496.9	248.45	119.256	1587661534466028
979	497.45	248.725	119.388	1587661534476197
980	497.95	248.975	119.508	1587661534486406
981	498.45	249.225	119.628	1587661534496565
982	498.95	249.475	119.748	1587661534506737
983	499.45	249.725	119.868	1587661534516908
984	500	250	120	1587661534527080
985	500.5	250.25	120.12	1587661534537251
986	501	250.5	120.24	1587661534547418
987	501.5	250.75	120.36	1587661534557600
988	502	251	120.48	1587661534567768
989	502.5	251.25	120.6	1587661534577933
990	503.05	251.525	120.732	1587661534588128
991	503.55	251.775	120.852	1587661534598287
992	504.05	252.025	120.972	1587661534608457
993	504.55	252.275	121.092	1587661534618631
994	505.05	252.525	121.212	1587661534628808
995	505.55	252.775	121.332	1587661534638976
996	506.1	253.05	121.464	1587661534649145
997	506.6	253.3	121.584	1587661534659315
998	507.1	253.55	121.704	1587661534669483
999	507.6	253.8	121.824	1587661534679650
1000	508.1	254.05	121.944	1587661534689806
1001	508.6	254.3	122.064	1587661534699966
1002	509.15	254.575	122.196	1587661534710142
1003	509.65	254.825	122.316	1587661534720320
1004	510.15	255.075	122.436	1587661534730480
1005	510.65	255.325	122.556	1587661534740641
1006	511.15	255.575	122.676	1587661534750810
1007	511.65	255.825	122.796	1587661534760977
1008	512.2	256.1	122.928	1587661534771160
1009	512.7	256.35	123.048	1587661534781330
