1	0.55	0.275	0.132	1587661524539383	-1	-1	1
2	1.05	0.525	0.252	1587661524549233	1587661524550357	1124	0
3	1.55	0.775	0.372	1587661524559378	1587661524560488	1110	0
4	2.05	1.025	0.492	1587661524569529	1587661524570619	1090	0
5	2.6	1.3	0.624	1587661524579693	1587661524580796	1103	0
6	3.1	1.55	0.744	1587661524589852	1587661524590985	1133	0
7	3.6	1.8	0.864	1587661524600042	1587661524601136	1094	0
8	4.1	2.05	0.984	1587661524610108	1587661524611239	1131	0
9	4.6	2.3	1.104	1587661524620422	1587661524621526	1104	0
10	5.1	2.55	1.224	1587661524630555	1587661524631651	1096	0
11	5.65	2.825	1.356	1587661524640722	1587661524641829	1107	0
12	6.15	3.075	1.476	1587661524650904	1587661524652003	1099	0
13	6.65	3.325	1.596	1587661524661064	1587661524662133	1069	0
14	7.15	3.575	1.716	1587661524671240	1587661524672295	1055	0
15	7.65	3.825	1.836	1587661524681409	1587661524682518	1109	0
16	8.15	4.075	1.956	1587661524691566	1587661524692655	1089	0
17	8.7	4.35	2.088	1587661524701715	1587661524702800	1085	0
18	9.2	4.6	2.208	1587661524711881	1587661524712973	1092	0
19	9.7	4.85	2.328	1587661524722047	1587661524723145	1098	0
20	10.2	5.1	2.448	1587661524732231	1587661524733328	1097	0
21	10.7	5.35	2.568	1587661524742360	1587661524743458	1098	0
22	11.2	5.6	2.688	1587661524752559	1587661524753669	1110	0
23	11.75	5.875	2.82	1587661524762729	1587661524763831	1102	0
24	12.25	6.125	2.94	1587661524772901	1587661524773845	944	0
25	12.75	6.375	3.06	1587661524783083	1587661524784176	1093	0
26	13.25	6.625	3.18	1587661524793233	1587661524794291	1058	0
27	13.75	6.875	3.3	1587661524803367	1587661524804443	1076	0
28	14.25	7.125	3.42	1587661524813523	1587661524814615	1092	0
29	14.8	7.4	3.552	1587661524823771	1587661524824867	1096	0
30	15.3	7.65	3.672	1587661524833881	1587661524835028	1147	0
31	15.8	7.9	3.792	1587661524844054	1587661524845144	1090	0
32	16.3	8.15	3.912	1587661524854175	1587661524855284	1109	0
33	16.8	8.4	4.032	1587661524864418	1587661524865510	1092	0
34	17.3	8.65	4.152	1587661524874572	1587661524875636	1064	0
35	17.85	8.925	4.284	1587661524884734	1587661524885787	1053	0
36	18.35	9.175	4.404	1587661524894939	1587661524896024	1085	0
37	18.85	9.425	4.524	1587661524905094	1587661524906154	1060	0
38	19.35	9.675	4.644	1587661524915201	1587661524916332	1131	0
39	19.85	9.925	4.764	1587661524925429	1587661524926547	1118	0
40	20.35	10.175	4.884	1587661524935584	1587661524936706	1122	0
41	20.9	10.45	5.016	1587661524945742	1587661524946878	1136	0
42	21.4	10.7	5.136	1587661524955925	1587661524957061	1136	0
43	21.9	10.95	5.256	1587661524966033	1587661524967166	1133	0
44	22.4	11.2	5.376	1587661524976260	1587661524977377	1117	0
45	22.9	11.45	5.496	1587661524986390	1587661524987995	1605	0
46	23.4	11.7	5.616	1587661524996584	1587661524997716	1132	0
47	23.95	11.975	5.748	1587661525006810	1587661525007926	1116	0
48	24.45	12.225	5.868	1587661525016968	1587661525018039	1071	0
49	24.95	12.475	5.988	1587661525027180	1587661525028276	1096	0
50	25.45	12.725	6.108	1587661525037321	1587661525038410	1089	0
51	25.95	12.975	6.228	1587661525047502	1587661525048601	1099	0
52	26.5	13.25	6.36	1587661525057655	1587661525058773	1118	0
53	27	13.5	6.48	1587661525067842	1587661525068939	1097	0
54	27.5	13.75	6.6	1587661525077929	1587661525079098	1169	0
55	28	14	6.72	1587661525088178	1587661525089281	1103	0
56	28.5	14.25	6.84	1587661525098335	1587661525099429	1094	0
57	29	14.5	6.96	1587661525108503	1587661525109617	1114	0
58	29.55	14.775	7.092	1587661525118677	1587661525119775	1098	0
59	30.05	15.025	7.212	1587661525128883	1587661525129901	1018	0
60	30.55	15.275	7.332	1587661525139025	1587661525140123	1098	0
61	31.05	15.525	7.452	1587661525149191	1587661525150244	1053	0
62	31.55	15.775	7.572	1587661525159363	1587661525160461	1098	0
63	32.05	16.025	7.692	1587661525169554	1587661525170652	1098	0
64	32.6	16.3	7.824	1587661525179720	1587661525180819	1099	0
65	33.1	16.55	7.944	1587661525189819	1587661525191004	1185	0
66	33.6	16.8	8.064	1587661525200075	1587661525201177	1102	0
67	34.1	17.05	8.184	1587661525210182	1587661525211279	1097	0
68	34.6	17.3	8.304	1587661525220428	1587661525221520	1092	0
69	35.1	17.55	8.424	1587661525230622	1587661525231715	1093	0
70	35.65	17.825	8.556	1587661525240784	1587661525241824	1040	0
71	36.15	18.075	8.676	1587661525250957	1587661525252053	1096	0
72	36.65	18.325	8.796	1587661525261117	1587661525262185	1068	0
73	37.15	18.575	8.916	1587661525271288	1587661525272394	1106	0
74	37.65	18.825	9.036	1587661525281457	1587661525282569	1112	0
75	38.15	19.075	9.156	1587661525291636	1587661525292733	1097	0
76	38.7	19.35	9.288	1587661525301734	1587661525302901	1167	0
77	39.2	19.6	9.408	1587661525311953	1587661525313081	1128	0
78	39.7	19.85	9.528	1587661525322079	1587661525323203	1124	0
79	40.2	20.1	9.648	1587661525332327	1587661525333448	1121	0
80	40.7	20.35	9.768	1587661525342474	1587661525343596	1122	0
81	41.2	20.6	9.888	1587661525352539	1587661525353628	1089	0
82	41.75	20.875	10.02	1587661525362778	1587661525363901	1123	0
83	42.25	21.125	10.14	1587661525372956	1587661525374020	1064	0
84	42.75	21.375	10.26	1587661525383125	1587661525384244	1119	0
85	43.25	21.625	10.38	1587661525393288	1587661525394399	1111	0
86	43.75	21.875	10.5	1587661525403457	1587661525404582	1125	0
87	44.25	22.125	10.62	1587661525413620	1587661525414756	1136	0
88	44.8	22.4	10.752	1587661525423800	1587661525424924	1124	0
89	45.3	22.65	10.872	1587661525433914	1587661525435089	1175	0
90	45.8	22.9	10.992	1587661525444149	1587661525445244	1095	0
91	46.3	23.15	11.112	1587661525454221	1587661525455337	1116	0
92	46.8	23.4	11.232	1587661525464497	1587661525465617	1120	0
93	47.35	23.675	11.364	1587661525474673	1587661525475793	1120	0
94	47.85	23.925	11.484	1587661525484851	1587661525485843	992	0
95	48.35	24.175	11.604	1587661525495021	1587661525496147	1126	0
96	48.85	24.425	11.724	1587661525505186	1587661525506296	1110	0
97	49.35	24.675	11.844	1587661525515326	1587661525516454	1128	0
98	49.85	24.925	11.964	1587661525525504	1587661525526650	1146	0
99	50.4	25.2	12.096	1587661525535728	1587661525536853	1125	0
100	50.9	25.45	12.216	1587661525545834	1587661525547029	1195	0
101	51.4	25.7	12.336	1587661525556055	1587661525557177	1122	0
102	51.9	25.95	12.456	1587661525566116	1587661525567237	1121	0
103	52.4	26.2	12.576	1587661525576391	1587661525577516	1125	0
104	52.9	26.45	12.696	1587661525586558	1587661525587675	1117	0
105	53.45	26.725	12.828	1587661525596720	1587661525597777	1057	0
106	53.95	26.975	12.948	1587661525606909	1587661525608037	1128	0
107	54.45	27.225	13.068	1587661525617072	1587661525618166	1094	0
108	54.95	27.475	13.188	1587661525627243	1587661525628374	1131	0
109	55.45	27.725	13.308	1587661525637448	1587661525638574	1126	0
110	55.95	27.975	13.428	1587661525647580	-1	-1	1
111	56.5	28.25	13.56	1587661525657764	1587661525658907	1143	0
112	57	28.5	13.68	1587661525667951	1587661525669076	1125	0
113	57.5	28.75	13.8	1587661525678067	1587661525679205	1138	0
114	58	29	13.92	1587661525688292	1587661525689419	1127	0
115	58.5	29.25	14.04	1587661525698427	1587661525699548	1121	0
116	59	29.5	14.16	1587661525708628	1587661525709711	1083	0
117	59.55	29.775	14.292	1587661525718798	1587661525719928	1130	0
118	60.05	30.025	14.412	1587661525728956	1587661525730050	1094	0
119	60.55	30.275	14.532	1587661525739117	1587661525740244	1127	0
120	61.05	30.525	14.652	1587661525750239	1587661525751408	1169	0
121	61.55	30.775	14.772	1587661525759466	1587661525760586	1120	0
122	62.05	31.025	14.892	1587661525769655	1587661525770747	1092	0
123	62.6	31.3	15.024	1587661525779780	1587661525780910	1130	0
124	63.1	31.55	15.144	1587661525789900	1587661525791067	1167	0
125	63.6	31.8	15.264	1587661525800113	1587661525801234	1121	0
126	64.1	32.05	15.384	1587661525810225	1587661525811354	1129	0
127	64.6	32.3	15.504	1587661525820463	1587661525821601	1138	0
128	65.1	32.55	15.624	1587661525830631	1587661525831754	1123	0
129	65.65	32.825	15.756	1587661525840835	1587661525841949	1114	0
130	66.15	33.075	15.876	1587661525851517	1587661525852638	1121	0
131	66.65	33.325	15.996	1587661525861169	1587661525862281	1112	0
132	67.15	33.575	16.116	1587661525871336	1587661525872462	1126	0
133	67.65	33.825	16.236	1587661525881487	1587661525882637	1150	0
134	68.2	34.1	16.368	1587661525891688	1587661525892776	1088	0
135	68.7	34.35	16.488	1587661525901790	1587661525902988	1198	0
136	69.2	34.6	16.608	1587661525912026	1587661525913149	1123	0
137	69.7	34.85	16.728	1587661525922101	1587661525923222	1121	0
138	70.2	35.1	16.848	1587661525932384	1587661525933524	1140	0
139	70.7	35.35	16.968	1587661525942581	1587661525943709	1128	0
140	71.25	35.625	17.1	1587661525952734	1587661525953792	1058	0
141	71.75	35.875	17.22	1587661525962920	1587661525964044	1124	0
142	72.25	36.125	17.34	1587661525973088	1587661525974147	1059	0
143	72.75	36.375	17.46	1587661525983255	1587661525984383	1128	0
144	73.25	36.625	17.58	1587661525993409	1587661525994552	1143	0
145	73.75	36.875	17.7	1587661526003586	1587661526004712	1126	0
146	74.3	37.15	17.832	1587661526013733	1587661526014889	1156	0
147	74.8	37.4	17.952	1587661526023918	1587661526025043	1125	0
148	75.3	37.65	18.072	1587661526034029	1587661526035157	1128	0
149	75.8	37.9	18.192	1587661526044293	1587661526045418	1125	0
150	76.3	38.15	18.312	1587661526054364	1587661526055484	1120	0
151	76.8	38.4	18.432	1587661526064566	1587661526065678	1112	0
152	77.35	38.675	18.564	1587661526074730	1587661526075866	1136	0
153	77.85	38.925	18.684	1587661526084874	1587661526085866	992	0
154	78.35	39.175	18.804	1587661526095093	1587661526096217	1124	0
155	78.85	39.425	18.924	1587661526105258	1587661526106380	1122	0
156	79.35	39.675	19.044	1587661526115391	1587661526116514	1123	0
157	79.85	39.925	19.164	1587661526125627	1587661526126733	1106	0
158	80.4	40.2	19.296	1587661526135790	1587661526136908	1118	0
159	80.9	40.45	19.416	1587661526145911	1587661526147102	1191	0
160	81.4	40.7	19.536	1587661526156162	1587661526157279	1117	0
161	81.9	40.95	19.656	1587661526166240	1587661526167364	1124	0
162	82.4	41.2	19.776	1587661526176483	1587661526177620	1137	0
163	82.95	41.475	19.908	1587661526186655	1587661526187783	1128	0
164	83.45	41.725	20.028	1587661526196829	1587661526197845	1016	0
165	83.95	41.975	20.148	1587661526206996	1587661526208123	1127	0
166	84.45	42.225	20.268	1587661526217162	1587661526218274	1112	0
167	84.95	42.475	20.388	1587661526227339	1587661526228467	1128	0
168	85.45	42.725	20.508	1587661526237494	1587661526238637	1143	0
169	86	43	20.64	1587661526247714	1587661526248843	1129	0
170	86.5	43.25	20.76	1587661526257806	1587661526258970	1164	0
171	87	43.5	20.88	1587661526268030	1587661526269155	1125	0
172	87.5	43.75	21	1587661526278117	1587661526279226	1109	0
173	88	44	21.12	1587661526288388	1587661526289506	1118	0
174	88.5	44.25	21.24	1587661526298553	1587661526299676	1123	0
175	89.05	44.525	21.372	1587661526308716	1587661526309782	1066	0
176	89.55	44.775	21.492	1587661526318909	1587661526320041	1132	0
177	90.05	45.025	21.612	1587661526329082	1587661526330174	1092	0
178	90.55	45.275	21.732	1587661526339247	1587661526340374	1127	0
179	91.05	45.525	21.852	1587661526349456	1587661526350574	1118	0
180	91.55	45.775	21.972	1587661526359597	1587661526360676	1079	0
181	92.1	46.05	22.104	1587661526369720	1587661526370893	1173	0
182	92.6	46.3	22.224	1587661526379945	1587661526381072	1127	0
183	93.1	46.55	22.344	1587661526390115	1587661526391240	1125	0
184	93.6	46.8	22.464	1587661526400280	1587661526401406	1126	0
185	94.1	47.05	22.584	1587661526410413	1587661526411505	1092	0
186	94.6	47.3	22.704	1587661526420613	1587661526422094	1481	0
187	95.15	47.575	22.836	1587661526430784	1587661526432007	1223	0
188	95.65	47.825	22.956	1587661526440952	1587661526442012	1060	0
189	96.15	48.075	23.076	1587661526451154	1587661526452280	1126	0
190	96.65	48.325	23.196	1587661526461301	1587661526462409	1108	0
191	97.15	48.575	23.316	1587661526471475	1587661526472593	1118	0
192	97.65	48.825	23.436	1587661526481651	1587661526482758	1107	0
193	98.2	49.1	23.568	1587661526491801	1587661526492923	1122	0
194	98.7	49.35	23.688	1587661526501943	1587661526503091	1148	0
195	99.2	49.6	23.808	1587661526512165	1587661526513287	1122	0
196	99.7	49.85	23.928	1587661526522291	1587661526523415	1124	0
197	100.2	50.1	24.048	1587661526532493	1587661526533611	1118	0
198	100.75	50.375	24.18	1587661526542660	1587661526543787	1127	0
199	101.25	50.625	24.3	1587661526552871	1587661526553922	1051	0
200	101.75	50.875	24.42	1587661526563017	1587661526564143	1126	0
201	102.25	51.125	24.54	1587661526573181	1587661526574292	1111	0
202	102.75	51.375	24.66	1587661526583354	1587661526584474	1120	0
203	103.25	51.625	24.78	1587661526593516	1587661526594640	1124	0
204	103.8	51.9	24.912	1587661526603695	1587661526604819	1124	0
205	104.3	52.15	25.032	1587661526613790	1587661526614990	1200	0
206	104.8	52.4	25.152	1587661526624025	1587661526625148	1123	0
207	105.3	52.65	25.272	1587661526634160	1587661526635282	1122	0
208	105.8	52.9	25.392	1587661526644426	1587661526645545	1119	0
209	106.3	53.15	25.512	1587661526654597	1587661526655717	1120	0
210	106.85	53.425	25.644	1587661526664752	1587661526665860	1108	0
211	107.35	53.675	25.764	1587661526674920	1587661526676041	1121	0
212	107.85	53.925	25.884	1587661526685096	1587661526686186	1090	0
213	108.35	54.175	26.004	1587661526695259	1587661526696387	1128	0
214	108.85	54.425	26.124	1587661526705433	1587661526706544	1111	0
215	109.35	54.675	26.244	1587661526715600	1587661526716725	1125	0
216	109.9	54.95	26.376	1587661526725762	1587661526726897	1135	0
217	110.4	55.2	26.496	1587661526735947	1587661526737070	1123	0
218	110.9	55.45	26.616	1587661526746062	1587661526747187	1125	0
219	111.4	55.7	26.736	1587661526756315	1587661526757435	1120	0
220	111.9	55.95	26.856	1587661526766469	1587661526767587	1118	0
221	112.4	56.2	26.976	1587661526776630	1587661526777725	1095	0
222	112.95	56.475	27.108	1587661526786803	1587661526787897	1094	0
223	113.45	56.725	27.228	1587661526796966	1587661526798026	1060	0
224	113.95	56.975	27.348	1587661526807142	1587661526808238	1096	0
225	114.45	57.225	27.468	1587661526817314	1587661526818409	1095	0
226	114.95	57.475	27.588	1587661526827480	1587661526828573	1093	0
227	115.5	57.75	27.72	1587661526837662	1587661526838756	1094	0
228	116	58	27.84	1587661526847841	1587661526848975	1134	0
229	116.5	58.25	27.96	1587661526857989	1587661526859143	1154	0
230	117	58.5	28.08	1587661526868195	1587661526869326	1131	0
231	117.5	58.75	28.2	1587661526878332	1587661526879454	1122	0
232	118	59	28.32	1587661526888532	1587661526889648	1116	0
233	118.55	59.275	28.452	1587661526898704	1587661526899832	1128	0
234	119.05	59.525	28.572	1587661526908872	1587661526909906	1034	0
235	119.55	59.775	28.692	1587661526919054	1587661526920177	1123	0
236	120.05	60.025	28.812	1587661526929221	1587661526930334	1113	0
237	120.55	60.275	28.932	1587661526939389	1587661526940512	1123	0
238	121.05	60.525	29.052	1587661526949581	1587661526950686	1105	0
239	121.6	60.8	29.184	1587661526959767	1587661526960897	1130	0
240	122.1	61.05	29.304	1587661526969885	1587661526971050	1165	0
241	122.6	61.3	29.424	1587661526980082	1587661526981208	1126	0
242	123.1	61.55	29.544	1587661526990238	1587661526991363	1125	0
243	123.6	61.8	29.664	1587661527000426	1587661527001548	1122	0
244	124.1	62.05	29.784	1587661527010591	1587661527011716	1125	0
245	124.65	62.325	29.916	1587661527020761	1587661527021870	1109	0
246	125.15	62.575	30.036	1587661527030936	1587661527032060	1124	0
247	125.65	62.825	30.156	1587661527041099	1587661527042206	1107	0
248	126.15	63.075	30.276	1587661527051205	1587661527052331	1126	0
249	126.65	63.325	30.396	1587661527061469	1587661527062593	1124	0
250	127.15	63.575	30.516	1587661527071621	1587661527072745	1124	0
251	127.7	63.85	30.648	1587661527081790	1587661527082914	1124	0
252	128.2	64.1	30.768	1587661527091966	1587661527093091	1125	0
253	128.7	64.35	30.888	1587661527102083	1587661527103210	1127	0
254	129.2	64.6	31.008	1587661527112307	1587661527113432	1125	0
255	129.7	64.85	31.128	1587661527122492	1587661527123596	1104	0
256	130.2	65.1	31.248	1587661527132659	1587661527133731	1072	0
257	130.75	65.375	31.38	1587661527142808	1587661527143977	1169	0
258	131.25	65.625	31.5	1587661527152975	1587661527154070	1095	0
259	131.75	65.875	31.62	1587661527163183	1587661527164311	1128	0
260	132.25	66.125	31.74	1587661527173336	1587661527174458	1122	0
261	132.75	66.375	31.86	1587661527183501	1587661527184629	1128	0
262	133.3	66.65	31.992	1587661527193673	1587661527194795	1122	0
263	133.8	66.9	32.112	1587661527203847	1587661527204975	1128	0
264	134.3	67.15	32.232	1587661527213948	1587661527215107	1159	0
265	134.8	67.4	32.352	1587661527224191	1587661527225318	1127	0
266	135.3	67.65	32.472	1587661527234353	1587661527235475	1122	0
267	135.8	67.9	32.592	1587661527244518	1587661527245644	1126	0
268	136.35	68.175	32.724	1587661527254690	1587661527255819	1129	0
269	136.85	68.425	32.844	1587661527264887	1587661527265975	1088	0
270	137.35	68.675	32.964	1587661527275044	1587661527276165	1121	0
271	137.85	68.925	33.084	1587661527285207	1587661527286291	1084	0
272	138.35	69.175	33.204	1587661527295378	1587661527296503	1125	0
273	138.85	69.425	33.324	1587661527305550	1587661527306674	1124	0
274	139.4	69.7	33.456	1587661527315714	1587661527316843	1129	0
275	139.9	69.95	33.576	1587661527325870	1587661527327033	1163	0
276	140.4	70.2	33.696	1587661527336057	1587661527337176	1119	0
277	140.9	70.45	33.816	1587661527346189	1587661527347315	1126	0
278	141.4	70.7	33.936	1587661527356402	1587661527357522	1120	0
279	141.9	70.95	34.056	1587661527366594	1587661527367721	1127	0
280	142.45	71.225	34.188	1587661527376743	1587661527377885	1142	0
281	142.95	71.475	34.308	1587661527386923	1587661527388048	1125	0
282	143.45	71.725	34.428	1587661527397096	1587661527398225	1129	0
283	143.95	71.975	34.548	1587661527407263	1587661527408395	1132	0
284	144.45	72.225	34.668	1587661527417439	1587661527418555	1116	0
285	144.95	72.475	34.788	1587661527427603	1587661527428728	1125	0
286	145.5	72.75	34.92	1587661527437734	1587661527438903	1169	0
287	146	73	35.04	1587661527447915	1587661527449044	1129	0
288	146.5	73.25	35.16	1587661527458040	1587661527459169	1129	0
289	147	73.5	35.28	1587661527468295	1587661527469420	1125	0
290	147.5	73.75	35.4	1587661527478439	1587661527479560	1121	0
291	148	74	35.52	1587661527488490	1587661527489612	1122	0
292	148.55	74.275	35.652	1587661527498746	1587661527499867	1121	0
293	149.05	74.525	35.772	1587661527508916	1587661527510009	1093	0
294	149.55	74.775	35.892	1587661527519082	1587661527520201	1119	0
295	150.05	75.025	36.012	1587661527529258	1587661527530364	1106	0
296	150.55	75.275	36.132	1587661527539426	1587661527540547	1121	0
297	151.05	75.525	36.252	1587661527549608	1587661527550718	1110	0
298	151.6	75.8	36.384	1587661527559767	1587661527560904	1137	0
299	152.1	76.05	36.504	1587661527569931	1587661527571093	1162	0
300	152.6	76.3	36.624	1587661527580133	1587661527581261	1128	0
301	153.1	76.55	36.744	1587661527590288	1587661527591412	1124	0
302	153.6	76.8	36.864	1587661527600472	1587661527601610	1138	0
303	154.1	77.05	36.984	1587661527610643	1587661527611770	1127	0
304	154.65	77.325	37.116	1587661527620823	1587661527621921	1098	0
305	155.15	77.575	37.236	1587661527630986	1587661527632112	1126	0
306	155.65	77.825	37.356	1587661527641157	1587661527642264	1107	0
307	156.15	78.075	37.476	1587661527651325	1587661527652447	1122	0
308	156.65	78.325	37.596	1587661527661500	1587661527662620	1120	0
309	157.2	78.6	37.728	1587661527671696	1587661527672811	1115	0
310	157.7	78.85	37.848	1587661527681793	1587661527682980	1187	0
311	158.2	79.1	37.968	1587661527692014	1587661527693140	1126	0
312	158.7	79.35	38.088	1587661527702126	1587661527703251	1125	0
313	159.2	79.6	38.208	1587661527712358	1587661527713485	1127	0
314	159.7	79.85	38.328	1587661527722516	1587661527723651	1135	0
315	160.25	80.125	38.46	1587661527732727	1587661527733879	1152	0
316	160.75	80.375	38.58	1587661527742909	1587661527744042	1133	0
317	161.25	80.625	38.7	1587661527753082	1587661527754180	1098	0
318	161.75	80.875	38.82	1587661527763254	1587661527764385	1131	0
319	162.25	81.125	38.94	1587661527774509	1587661527775658	1149	0
320	162.75	81.375	39.06	1587661527783609	1587661527784731	1122	0
321	163.3	81.65	39.192	1587661527793739	1587661527794908	1169	0
322	163.8	81.9	39.312	1587661527803910	1587661527805073	1163	0
323	164.3	82.15	39.432	1587661527814004	1587661527815200	1196	0
324	164.8	82.4	39.552	1587661527824274	1587661527825409	1135	0
325	165.3	82.65	39.672	1587661527834425	1587661527835553	1128	0
326	165.8	82.9	39.792	1587661527844592	1587661527845736	1144	0
327	166.35	83.175	39.924	1587661527854735	1587661527855862	1127	0
328	166.85	83.425	40.044	1587661527864912	1587661527866004	1092	0
329	167.35	83.675	40.164	1587661527875824	1587661527876954	1130	0
330	167.85	83.925	40.284	1587661527885218	1587661527886330	1112	0
331	168.35	84.175	40.404	1587661527895387	1587661527896511	1124	0
332	168.85	84.425	40.524	1587661527905552	1587661527906682	1130	0
333	169.4	84.7	40.656	1587661527915708	1587661527916837	1129	0
334	169.9	84.95	40.776	1587661527925811	1587661527927015	1204	0
335	170.4	85.2	40.896	1587661527936051	1587661527937180	1129	0
336	170.9	85.45	41.016	1587661527946122	1587661527947250	1128	0
337	171.4	85.7	41.136	1587661527956392	1587661527957513	1121	0
338	171.9	85.95	41.256	1587661527966556	1587661527967683	1127	0
339	172.45	86.225	41.388	1587661527977000	1587661527978094	1094	0
340	172.95	86.475	41.508	1587661527986924	1587661527988062	1138	0
341	173.45	86.725	41.628	1587661527997072	1587661527998163	1091	0
342	173.95	86.975	41.748	1587661528007250	1587661528008376	1126	0
343	174.45	87.225	41.868	1587661528017422	1587661528018542	1120	0
344	174.95	87.475	41.988	1587661528027584	1587661528028713	1129	0
345	175.5	87.75	42.12	1587661528037734	1587661528038883	1149	0
346	176	88	42.24	1587661528047935	1587661528049083	1148	0
347	176.5	88.25	42.36	1587661528058064	1587661528059197	1133	0
348	177	88.5	42.48	1587661528068281	1587661528069409	1128	0
349	177.5	88.75	42.6	1587661528078465	1587661528079582	1117	0
350	178	89	42.72	1587661528088609	1587661528089759	1150	0
351	178.55	89.275	42.852	1587661528098814	1587661528099944	1130	0
352	179.05	89.525	42.972	1587661528108997	1587661528110083	1086	0
353	179.55	89.775	43.092	1587661528119159	1587661528120284	1125	0
354	180.05	90.025	43.212	1587661528129324	1587661528130434	1110	0
355	180.55	90.275	43.332	1587661528139510	1587661528140628	1118	0
356	181.05	90.525	43.452	1587661528149698	1587661528150807	1109	0
357	181.6	90.8	43.584	1587661528159849	1587661528160976	1127	0
358	182.1	91.05	43.704	1587661528169971	1587661528171128	1157	0
359	182.6	91.3	43.824	1587661528180232	1587661528181357	1125	0
360	183.1	91.55	43.944	1587661528190350	1587661528191497	1147	0
361	183.6	91.8	44.064	1587661528200554	1587661528201649	1095	0
362	184.15	92.075	44.196	1587661528210700	1587661528211863	1163	0
363	184.65	92.325	44.316	1587661528220896	1587661528221964	1068	0
364	185.15	92.575	44.436	1587661528231080	1587661528232207	1127	0
365	185.65	92.825	44.556	1587661528241250	1587661528242363	1113	0
366	186.15	93.075	44.676	1587661528251419	1587661528252544	1125	0
367	186.65	93.325	44.796	1587661528261551	1587661528262684	1133	0
368	187.2	93.6	44.928	1587661528271765	1587661528272878	1113	0
369	187.7	93.85	45.048	1587661528281890	1587661528283074	1184	0
370	188.2	94.1	45.168	1587661528292110	1587661528293221	1111	0
371	188.7	94.35	45.288	1587661528302237	1587661528303366	1129	0
372	189.2	94.6	45.408	1587661528312436	1587661528313552	1116	0
373	189.7	94.85	45.528	1587661528322588	1587661528323711	1123	0
374	190.25	95.125	45.66	1587661528332760	1587661528333882	1122	0
375	190.75	95.375	45.78	1587661528342934	1587661528344059	1125	0
376	191.25	95.625	45.9	1587661528353069	1587661528354157	1088	0
377	191.75	95.875	46.02	1587661528363239	1587661528364366	1127	0
378	192.25	96.125	46.14	1587661528373408	1587661528374529	1121	0
379	192.75	96.375	46.26	1587661528383622	1587661528384739	1117	0
380	193.3	96.65	46.392	1587661528393739	1587661528394896	1157	0
381	193.8	96.9	46.512	1587661528403949	1587661528405069	1120	0
382	194.3	97.15	46.632	1587661528414046	1587661528415196	1150	0
383	194.8	97.4	46.752	1587661528424282	1587661528425403	1121	0
384	195.3	97.65	46.872	1587661528434454	1587661528435573	1119	0
385	195.8	97.9	46.992	1587661528444615	1587661528445747	1132	0
386	196.35	98.175	47.124	1587661528454789	1587661528455914	1125	0
387	196.85	98.425	47.244	1587661528464976	1587661528466061	1085	0
388	197.35	98.675	47.364	1587661528475148	1587661528476273	1125	0
389	197.85	98.925	47.484	1587661528485354	1587661528486477	1123	0
390	198.35	99.175	47.604	1587661528495504	1587661528496589	1085	0
391	198.9	99.45	47.736	1587661528505684	1587661528506794	1110	0
392	199.4	99.7	47.856	1587661528515845	1587661528516966	1121	0
393	199.9	99.95	47.976	1587661528525942	1587661528527095	1153	0
394	200.4	100.2	48.096	1587661528536186	1587661528537309	1123	0
395	200.9	100.45	48.216	1587661528546346	1587661528547474	1128	0
396	201.4	100.7	48.336	1587661528556523	1587661528557670	1147	0
397	201.95	100.975	48.468	1587661528566700	1587661528567823	1123	0
398	202.45	101.225	48.588	1587661528576876	1587661528577958	1082	0
399	202.95	101.475	48.708	1587661528587087	1587661528588212	1125	0
400	203.45	101.725	48.828	1587661528597236	1587661528598347	1111	0
401	203.95	101.975	48.948	1587661528607408	1587661528608527	1119	0
402	204.45	102.225	49.068	1587661528617608	1587661528618700	1092	0
403	205	102.5	49.2	1587661528627749	1587661528628872	1123	0
404	205.5	102.75	49.32	1587661528637895	1587661528639043	1148	0
405	206	103	49.44	1587661528648068	1587661528649192	1124	0
406	206.5	103.25	49.56	1587661528658204	1587661528659331	1127	0
407	207	103.5	49.68	1587661528668433	1587661528669548	1115	0
408	207.5	103.75	49.8	1587661528678595	1587661528679714	1119	0
409	208.05	104.025	49.932	1587661528688794	1587661528689893	1099	0
410	208.55	104.275	50.052	1587661528698950	1587661528700079	1129	0
411	209.05	104.525	50.172	1587661528709116	1587661528710224	1108	0
412	209.55	104.775	50.292	1587661528719298	1587661528720423	1125	0
413	210.05	105.025	50.412	1587661528729458	1587661528730584	1126	0
414	210.55	105.275	50.532	1587661528739630	1587661528740755	1125	0
415	211.1	105.55	50.664	1587661528749764	1587661528750934	1170	0
416	211.6	105.8	50.784	1587661528759971	1587661528761095	1124	0
417	212.1	106.05	50.904	1587661528770043	1587661528771202	1159	0
418	212.6	106.3	51.024	1587661528780328	1587661528781445	1117	0
419	213.1	106.55	51.144	1587661528790522	1587661528791641	1119	0
420	213.65	106.825	51.276	1587661528800669	1587661528801778	1109	0
421	214.15	107.075	51.396	1587661528810838	1587661528811957	1119	0
422	214.65	107.325	51.516	1587661528821005	1587661528822096	1091	0
423	215.15	107.575	51.636	1587661528831178	1587661528832307	1129	0
424	215.65	107.825	51.756	1587661528841353	1587661528842474	1121	0
425	216.15	108.075	51.876	1587661528851522	1587661528852646	1124	0
426	216.7	108.35	52.008	1587661528861720	1587661528862840	1120	0
427	217.2	108.6	52.128	1587661528871854	1587661528872979	1125	0
428	217.7	108.85	52.248	1587661528881970	1587661528883073	1103	0
429	218.2	109.1	52.368	1587661528892229	1587661528893356	1127	0
430	218.7	109.35	52.488	1587661528902336	1587661528903459	1123	0
431	219.2	109.6	52.608	1587661528912508	1587661528913647	1139	0
432	219.75	109.875	52.74	1587661528922697	1587661528923797	1100	0
433	220.25	110.125	52.86	1587661528932847	1587661528933901	1054	0
434	220.75	110.375	52.98	1587661528943022	1587661528944141	1119	0
435	221.25	110.625	53.1	1587661528953187	1587661528954299	1112	0
436	221.75	110.875	53.22	1587661528963364	1587661528964481	1117	0
437	222.25	111.125	53.34	1587661528973525	1587661528974644	1119	0
438	222.8	111.4	53.472	1587661528983702	1587661528984830	1128	0
439	223.3	111.65	53.592	1587661528993864	1587661528995043	1179	0
440	223.8	111.9	53.712	1587661529004063	1587661529005181	1118	0
441	224.3	112.15	53.832	1587661529014209	1587661529015325	1116	0
442	224.8	112.4	53.952	1587661529024408	1587661529025530	1122	0
443	225.3	112.65	54.072	1587661529034573	1587661529035699	1126	0
444	225.85	112.925	54.204	1587661529044744	1587661529045885	1141	0
445	226.35	113.175	54.324	1587661529054934	1587661529056050	1116	0
446	226.85	113.425	54.444	1587661529065096	1587661529066187	1091	0
447	227.35	113.675	54.564	1587661529075263	1587661529076387	1124	0
448	227.85	113.925	54.684	1587661529085398	1587661529086520	1122	0
449	228.35	114.175	54.804	1587661529095637	1587661529096765	1128	0
450	228.9	114.45	54.936	1587661529105750	1587661529106914	1164	0
451	229.4	114.7	55.056	1587661529115981	1587661529117099	1118	0
452	229.9	114.95	55.176	1587661529126070	1587661529127219	1149	0
453	230.4	115.2	55.296	1587661529136320	1587661529137438	1118	0
454	230.9	115.45	55.416	1587661529146471	1587661529147596	1125	0
455	231.45	115.725	55.548	1587661529156650	1587661529157745	1095	0
456	231.95	115.975	55.668	1587661529166818	1587661529167943	1125	0
457	232.45	116.225	55.788	1587661529176988	1587661529178082	1094	0
458	232.95	116.475	55.908	1587661529187151	1587661529188276	1125	0
459	233.45	116.725	56.028	1587661529197376	1587661529198486	1110	0
460	233.95	116.975	56.148	1587661529207516	1587661529208637	1121	0
461	234.5	117.25	56.28	1587661529217743	1587661529218810	1067	0
462	235	117.5	56.4	1587661529227858	1587661529228986	1128	0
463	235.5	117.75	56.52	1587661529237926	1587661529239114	1188	0
464	236	118	56.64	1587661529248208	1587661529249337	1129	0
465	236.5	118.25	56.76	1587661529258367	1587661529259486	1119	0
466	237	118.5	56.88	1587661529268540	1587661529269654	1114	0
467	237.55	118.775	57.012	1587661529278696	1587661529279825	1129	0
468	238.05	119.025	57.132	1587661529288865	1587661529289930	1065	0
469	238.55	119.275	57.252	1587661529299091	1587661529300212	1121	0
470	239.05	119.525	57.372	1587661529309238	1587661529310345	1107	0
471	239.55	119.775	57.492	1587661529319413	1587661529320530	1117	0
472	240.05	120.025	57.612	1587661529329594	1587661529330692	1098	0
473	240.6	120.3	57.744	1587661529339736	1587661529340858	1122	0
474	241.1	120.55	57.864	1587661529349826	1587661529351039	1213	0
475	241.6	120.8	57.984	1587661529360093	1587661529361217	1124	0
476	242.1	121.05	58.104	1587661529370203	1587661529371325	1122	0
477	242.6	121.3	58.224	1587661529380440	1587661529381558	1118	0
478	243.1	121.55	58.344	1587661529390610	1587661529391729	1119	0
479	243.65	121.825	58.476	1587661529400813	1587661529401924	1111	0
480	244.15	122.075	58.596	1587661529410990	1587661529412106	1116	0
481	244.65	122.325	58.716	1587661529421118	1587661529422259	1141	0
482	245.15	122.575	58.836	1587661529431335	1587661529432459	1124	0
483	245.65	122.825	58.956	1587661529441510	1587661529442628	1118	0
484	246.2	123.1	59.088	1587661529451680	1587661529452805	1125	0
485	246.7	123.35	59.208	1587661529461820	1587661529462986	1166	0
486	247.2	123.6	59.328	1587661529471980	1587661529473102	1122	0
487	247.7	123.85	59.448	1587661529482091	1587661529483243	1152	0
488	248.2	124.1	59.568	1587661529492362	1587661529493485	1123	0
489	248.7	124.35	59.688	1587661529502559	1587661529503685	1126	0
490	249.25	124.625	59.82	1587661529512712	1587661529513817	1105	0
491	249.75	124.875	59.94	1587661529522884	1587661529524006	1122	0
492	250.25	125.125	60.06	1587661529533053	1587661529534137	1084	0
493	250.75	125.375	60.18	1587661529543230	1587661529544354	1124	0
494	251.25	125.625	60.3	1587661529553397	1587661529554517	1120	0
495	251.75	125.875	60.42	1587661529563564	1587661529564686	1122	0
496	252.3	126.15	60.552	1587661529573735	1587661529574858	1123	0
497	252.8	126.4	60.672	1587661529583919	1587661529585042	1123	0
498	253.3	126.65	60.792	1587661529594001	1587661529595157	1156	0
499	253.8	126.9	60.912	1587661529604291	1587661529605411	1120	0
500	254.3	127.15	61.032	1587661529614462	1587661529615564	1102	0
501	254.8	127.4	61.152	1587661529624615	1587661529625717	1102	0
502	255.35	127.675	61.284	1587661529634798	1587661529635934	1136	0
503	255.85	127.925	61.404	1587661529644969	1587661529646059	1090	0
504	256.35	128.175	61.524	1587661529655164	1587661529656286	1122	0
505	256.85	128.425	61.644	1587661529665337	1587661529666462	1125	0
506	257.35	128.675	61.764	1587661529675505	1587661529676624	1119	0
507	257.9	128.95	61.896	1587661529685675	1587661529686795	1120	0
508	258.4	129.2	62.016	1587661529695843	1587661529696967	1124	0
509	258.9	129.45	62.136	1587661529705959	1587661529707149	1190	0
510	259.4	129.7	62.256	1587661529716226	1587661529717353	1127	0
511	259.9	129.95	62.376	1587661529726348	1587661529727464	1116	0
512	260.4	130.2	62.496	1587661529736524	1587661529737651	1127	0
513	260.95	130.475	62.628	1587661529746707	1587661529747825	1118	0
514	261.45	130.725	62.748	1587661529756885	1587661529757937	1052	0
515	261.95	130.975	62.868	1587661529767070	1587661529768193	1123	0
516	262.45	131.225	62.988	1587661529777257	1587661529778368	1111	0
517	262.95	131.475	63.108	1587661529787427	1587661529788550	1123	0
518	263.45	131.725	63.228	1587661529797641	-1	-1	1
519	264	132	63.36	1587661529807729	1587661529808885	1156	0
520	264.5	132.25	63.48	1587661529817940	1587661529819096	1156	0
521	265	132.5	63.6	1587661529828146	1587661529829274	1128	0
522	265.5	132.75	63.72	1587661529838280	1587661529839408	1128	0
523	266	133	63.84	1587661529848497	1587661529849624	1127	0
524	266.55	133.275	63.972	1587661529858669	1587661529859792	1123	0
525	267.05	133.525	64.092	1587661529868832	1587661529869927	1095	0
526	267.55	133.775	64.212	1587661529878994	1587661529880117	1123	0
527	268.05	134.025	64.332	1587661529889158	1587661529890264	1106	0
528	268.55	134.275	64.452	1587661529900277	1587661529901436	1159	0
529	269.05	134.525	64.572	1587661529909496	1587661529910613	1117	0
530	269.55	134.775	64.692	1587661529919640	1587661529920762	1122	0
531	270.1	135.05	64.824	1587661529929790	1587661529930926	1136	0
532	270.6	135.3	64.944	1587661529939963	1587661529941085	1122	0
533	271.1	135.55	65.064	1587661529950047	1587661529951199	1152	0
534	271.6	135.8	65.184	1587661529960284	1587661529961406	1122	0
535	272.1	136.05	65.304	1587661529970452	1587661529971569	1117	0
536	272.6	136.3	65.424	1587661529980615	1587661529981717	1102	0
537	273.15	136.575	65.556	1587661529990776	1587661529991905	1129	0
538	273.65	136.825	65.676	1587661530001545	1587661530002667	1122	0
539	274.15	137.075	65.796	1587661530011148	1587661530012276	1128	0
540	274.65	137.325	65.916	1587661530021301	1587661530022409	1108	0
541	275.15	137.575	66.036	1587661530031474	1587661530032594	1120	0
542	275.7	137.85	66.168	1587661530041669	1587661530042755	1086	0
543	276.2	138.1	66.288	1587661530051846	1587661530052968	1122	0
544	276.7	138.35	66.408	1587661530061947	1587661530063100	1153	0
545	277.2	138.6	66.528	1587661530072190	1587661530073315	1125	0
546	277.7	138.85	66.648	1587661530082352	1587661530083476	1124	0
547	278.2	139.1	66.768	1587661530092525	1587661530093661	1136	0
548	278.75	139.375	66.9	1587661530102799	1587661530103922	1123	0
549	279.25	139.625	67.02	1587661530112894	1587661530113979	1085	0
550	279.75	139.875	67.14	1587661530123058	1587661530124178	1120	0
551	280.25	140.125	67.26	1587661530133233	1587661530134338	1105	0
552	280.75	140.375	67.38	1587661530143418	1587661530144550	1132	0
553	281.25	140.625	67.5	1587661530153627	1587661530154734	1107	0
554	281.8	140.9	67.632	1587661530163777	1587661530164903	1126	0
555	282.3	141.15	67.752	1587661530173871	1587661530175065	1194	0
556	282.8	141.4	67.872	1587661530184126	1587661530185250	1124	0
557	283.3	141.65	67.992	1587661530194196	1587661530195320	1124	0
558	283.8	141.9	68.112	1587661530204446	1587661530205584	1138	0
559	284.3	142.15	68.232	1587661530214651	1587661530215776	1125	0
560	284.85	142.425	68.364	1587661530224801	1587661530225947	1146	0
561	285.35	142.675	68.484	1587661530234977	1587661530236095	1118	0
562	285.85	142.925	68.604	1587661530245143	1587661530246249	1106	0
563	286.35	143.175	68.724	1587661530255325	1587661530256445	1120	0
564	286.85	143.425	68.844	1587661530265497	1587661530266614	1117	0
565	287.4	143.7	68.976	1587661530275654	1587661530276780	1126	0
566	287.9	143.95	69.096	1587661530285808	1587661530286946	1138	0
567	288.4	144.2	69.216	1587661530296002	1587661530297128	1126	0
568	288.9	144.45	69.336	1587661530306112	1587661530307232	1120	0
569	289.4	144.7	69.456	1587661530316387	1587661530317507	1120	0
570	289.9	144.95	69.576	1587661530326525	1587661530327648	1123	0
571	290.45	145.225	69.708	1587661530336695	1587661530337865	1170	0
572	290.95	145.475	69.828	1587661530346865	1587661530348024	1159	0
573	291.45	145.725	69.948	1587661530357039	1587661530358126	1087	0
574	291.95	145.975	70.068	1587661530367208	1587661530368364	1156	0
575	292.45	146.225	70.188	1587661530377376	1587661530378535	1159	0
576	292.95	146.475	70.308	1587661530387542	1587661530388699	1157	0
577	293.5	146.75	70.44	1587661530397719	1587661530398872	1153	0
578	294	147	70.56	1587661530407883	1587661530409038	1155	0
579	294.5	147.25	70.68	1587661530418037	1587661530419197	1160	0
580	295	147.5	70.8	1587661530428251	1587661530429412	1161	0
581	295.5	147.75	70.92	1587661530438385	1587661530439544	1159	0
582	296	148	71.04	1587661530448566	1587661530449740	1174	0
583	296.55	148.275	71.172	1587661530458737	1587661530459897	1160	0
584	297.05	148.525	71.292	1587661530468907	1587661530470029	1122	0
585	297.55	148.775	71.412	1587661530479081	1587661530480241	1160	0
586	298.05	149.025	71.532	1587661530489254	1587661530490404	1150	0
587	298.55	149.275	71.652	1587661530499430	1587661530500587	1157	0
588	299.05	149.525	71.772	1587661530509607	1587661530510718	1111	0
589	299.6	149.8	71.904	1587661530519803	1587661530520959	1156	0
590	300.1	150.05	72.024	1587661530529881	1587661530531067	1186	0
591	300.6	150.3	72.144	1587661530540132	1587661530541288	1156	0
592	301.1	150.55	72.264	1587661530550287	1587661530551444	1157	0
593	301.6	150.8	72.384	1587661530560465	1587661530561639	1174	0
594	302.1	151.05	72.504	1587661530570623	1587661530571788	1165	0
595	302.65	151.325	72.636	1587661530580757	1587661530581898	1141	0
596	303.15	151.575	72.756	1587661530590954	1587661530592106	1152	0
597	303.65	151.825	72.876	1587661530601121	1587661530602257	1136	0
598	304.15	152.075	72.996	1587661530611290	1587661530612447	1157	0
599	304.65	152.325	73.116	1587661530621505	1587661530622656	1151	0
600	305.2	152.6	73.248	1587661530631665	1587661530632827	1162	0
601	305.7	152.85	73.368	1587661530641820	1587661530642991	1171	0
602	306.2	153.1	73.488	1587661530652000	1587661530653158	1158	0
603	306.7	153.35	73.608	1587661530662079	1587661530663264	1185	0
604	307.2	153.6	73.728	1587661530672388	1587661530673540	1152	0
605	307.7	153.85	73.848	1587661530682549	1587661530683705	1156	0
606	308.25	154.125	73.98	1587661530692717	1587661530693869	1152	0
607	308.75	154.375	74.1	1587661530702891	1587661530704019	1128	0
608	309.25	154.625	74.22	1587661530713061	1587661530714153	1092	0
609	309.75	154.875	74.34	1587661530723266	1587661530724389	1123	0
610	310.25	155.125	74.46	1587661530733415	1587661530734531	1116	0
611	310.75	155.375	74.58	1587661530743578	1587661530744702	1124	0
612	311.3	155.65	74.712	1587661530753704	1587661530754827	1123	0
613	311.8	155.9	74.832	1587661530763877	1587661530765005	1128	0
614	312.3	156.15	74.952	1587661530773952	1587661530775109	1157	0
615	312.8	156.4	75.072	1587661530784210	1587661530785338	1128	0
616	313.3	156.65	75.192	1587661530794342	1587661530795458	1116	0
617	313.8	156.9	75.312	1587661530804544	1587661530805646	1102	0
618	314.35	157.175	75.444	1587661530814723	1587661530815840	1117	0
619	314.85	157.425	75.564	1587661530824927	1587661530826010	1083	0
620	315.35	157.675	75.684	1587661530835086	1587661530836208	1122	0
621	315.85	157.925	75.804	1587661530845251	1587661530846364	1113	0
622	316.35	158.175	75.924	1587661530855414	1587661530856537	1123	0
623	316.85	158.425	76.044	1587661530865610	1587661530866706	1096	0
624	317.4	158.7	76.176	1587661530875750	1587661530876893	1143	0
625	317.9	158.95	76.296	1587661530885886	1587661530887007	1121	0
626	318.4	159.2	76.416	1587661530896093	1587661530897218	1125	0
627	318.9	159.45	76.536	1587661530906238	1587661530907360	1122	0
628	319.4	159.7	76.656	1587661530916433	1587661530917554	1121	0
629	319.9	159.95	76.776	1587661530926615	1587661530927735	1120	0
630	320.45	160.225	76.908	1587661530936762	1587661530937882	1120	0
631	320.95	160.475	77.028	1587661530946939	1587661530948060	1121	0
632	321.45	160.725	77.148	1587661530957107	1587661530958212	1105	0
633	321.95	160.975	77.268	1587661530967207	1587661530968331	1124	0
634	322.45	161.225	77.388	1587661530977443	1587661530978559	1116	0
635	322.95	161.475	77.508	1587661530988261	1587661530989410	1149	0
636	323.5	161.75	77.64	1587661530997764	1587661530998888	1124	0
637	324	162	77.76	1587661531007948	1587661531009069	1121	0
638	324.5	162.25	77.88	1587661531018061	1587661531019178	1117	0
639	325	162.5	78	1587661531028315	1587661531029439	1124	0
640	325.5	162.75	78.12	1587661531038459	1587661531039581	1122	0
641	326	163	78.24	1587661531048625	1587661531049762	1137	0
642	326.55	163.275	78.372	1587661531058802	1587661531059931	1129	0
643	327.05	163.525	78.492	1587661531068974	1587661531070068	1094	0
644	327.55	163.775	78.612	1587661531079142	1587661531080266	1124	0
645	328.05	164.025	78.732	1587661531089309	1587661531090435	1126	0
646	328.55	164.275	78.852	1587661531099476	1587661531100600	1124	0
647	329.05	164.525	78.972	1587661531109661	1587661531110738	1077	0
648	329.6	164.8	79.104	1587661531119815	1587661531120938	1123	0
649	330.1	165.05	79.224	1587661531129974	1587661531131101	1127	0
650	330.6	165.3	79.344	1587661531140182	1587661531141306	1124	0
651	331.1	165.55	79.464	1587661531150271	1587661531151394	1123	0
652	331.6	165.8	79.584	1587661531160451	1587661531161586	1135	0
653	332.1	166.05	79.704	1587661531170610	1587661531171732	1122	0
654	332.65	166.325	79.836	1587661531180783	1587661531181898	1115	0
655	333.15	166.575	79.956	1587661531190891	1587661531192017	1126	0
656	333.65	166.825	80.076	1587661531201123	1587661531202226	1103	0
657	334.15	167.075	80.196	1587661531211294	1587661531212422	1128	0
658	334.65	167.325	80.316	1587661531221474	1587661531222592	1118	0
659	335.15	167.575	80.436	1587661531231673	1587661531232796	1123	0
660	335.7	167.85	80.568	1587661531241818	1587661531242956	1138	0
661	336.2	168.1	80.688	1587661531251995	1587661531253117	1122	0
662	336.7	168.35	80.808	1587661531262083	1587661531263206	1123	0
663	337.2	168.6	80.928	1587661531272354	1587661531273475	1121	0
664	337.7	168.85	81.048	1587661531282473	1587661531283592	1119	0
665	338.2	169.1	81.168	1587661531292637	1587661531293746	1109	0
666	338.75	169.375	81.3	1587661531302801	1587661531303936	1135	0
667	339.25	169.625	81.42	1587661531312982	1587661531314067	1085	0
668	339.75	169.875	81.54	1587661531323154	1587661531324272	1118	0
669	340.25	170.125	81.66	1587661531333353	1587661531334472	1119	0
670	340.75	170.375	81.78	1587661531343505	1587661531344627	1122	0
671	341.3	170.65	81.912	1587661531353604	1587661531354765	1161	0
672	341.8	170.9	82.032	1587661531363816	1587661531364968	1152	0
673	342.3	171.15	82.152	1587661531373916	1587661531375102	1186	0
674	342.8	171.4	82.272	1587661531384150	1587661531385303	1153	0
675	343.3	171.65	82.392	1587661531394304	1587661531395457	1153	0
676	343.8	171.9	82.512	1587661531404455	1587661531405619	1164	0
677	344.35	172.175	82.644	1587661531414649	1587661531415798	1149	0
678	344.85	172.425	82.764	1587661531424811	1587661531425908	1097	0
679	345.35	172.675	82.884	1587661531435017	1587661531436175	1158	0
680	345.85	172.925	83.004	1587661531445169	1587661531446310	1141	0
681	346.35	173.175	83.124	1587661531455335	1587661531456490	1155	0
682	346.85	173.425	83.244	1587661531465502	1587661531466660	1158	0
683	347.4	173.7	83.376	1587661531475672	1587661531476827	1155	0
684	347.9	173.95	83.496	1587661531485830	1587661531487015	1185	0
685	348.4	174.2	83.616	1587661531496012	1587661531497163	1151	0
686	348.9	174.45	83.736	1587661531506155	1587661531507309	1154	0
687	349.4	174.7	83.856	1587661531516366	1587661531517513	1147	0
688	349.9	174.95	83.976	1587661531526526	1587661531527677	1151	0
689	350.45	175.225	84.108	1587661531536734	1587661531537873	1139	0
690	350.95	175.475	84.228	1587661531546896	1587661531548054	1158	0
691	351.45	175.725	84.348	1587661531557060	1587661531558181	1121	0
692	351.95	175.975	84.468	1587661531567243	1587661531568396	1153	0
693	352.45	176.225	84.588	1587661531577400	1587661531578560	1160	0
694	352.95	176.475	84.708	1587661531587566	1587661531588715	1149	0
695	353.5	176.75	84.84	1587661531597749	1587661531598887	1138	0
696	354	177	84.96	1587661531607936	1587661531609085	1149	0
697	354.5	177.25	85.08	1587661531618050	1587661531619209	1159	0
698	355	177.5	85.2	1587661531628264	1587661531629418	1154	0
699	355.5	177.75	85.32	1587661531638463	1587661531639592	1129	0
700	356	178	85.44	1587661531648610	1587661531649744	1134	0
701	356.55	178.275	85.572	1587661531658778	1587661531659935	1157	0
702	357.05	178.525	85.692	1587661531668951	1587661531670075	1124	0
703	357.55	178.775	85.812	1587661531679121	1587661531680273	1152	0
704	358.05	179.025	85.932	1587661531689294	1587661531690436	1142	0
705	358.55	179.275	86.052	1587661531699458	1587661531700609	1151	0
706	359.1	179.55	86.184	1587661531709637	1587661531710748	1111	0
707	359.6	179.8	86.304	1587661531719801	1587661531720965	1164	0
708	360.1	180.05	86.424	1587661531729923	1587661531731152	1229	0
709	360.6	180.3	86.544	1587661531740175	1587661531741361	1186	0
710	361.1	180.55	86.664	1587661531750307	1587661531751494	1187	0
711	361.6	180.8	86.784	1587661531760488	1587661531761678	1190	0
712	362.15	181.075	86.916	1587661531770653	1587661531771848	1195	0
713	362.65	181.325	87.036	1587661531780821	1587661531781941	1120	0
714	363.15	181.575	87.156	1587661531790997	1587661531792181	1184	0
715	363.65	181.825	87.276	1587661531801201	1587661531802373	1172	0
716	364.15	182.075	87.396	1587661531811374	1587661531812557	1183	0
717	364.65	182.325	87.516	1587661531821545	1587661531822727	1182	0
718	365.2	182.6	87.648	1587661531831708	1587661531832897	1189	0
719	365.7	182.85	87.768	1587661531841831	1587661531843087	1256	0
720	366.2	183.1	87.888	1587661531852066	1587661531853255	1189	0
721	366.7	183.35	88.008	1587661531862183	1587661531863375	1192	0
722	367.2	183.6	88.128	1587661531872408	1587661531873620	1212	0
723	367.7	183.85	88.248	1587661531882575	1587661531883764	1189	0
724	368.25	184.125	88.38	1587661531892739	1587661531893943	1204	0
725	368.75	184.375	88.5	1587661531902932	1587661531904127	1195	0
726	369.25	184.625	88.62	1587661531913094	1587661531914273	1179	0
727	369.75	184.875	88.74	1587661531923221	-1	-1	1
728	370.25	185.125	88.86	1587661531933445	1587661531934639	1194	0
729	370.8	185.4	88.992	1587661531943653	1587661531944844	1191	0
730	371.3	185.65	89.112	1587661531953767	1587661531954997	1230	0
731	371.8	185.9	89.232	1587661531963983	1587661531965171	1188	0
732	372.3	186.15	89.352	1587661531974088	1587661531975279	1191	0
733	372.8	186.4	89.472	1587661531984309	1587661531985499	1190	0
734	373.3	186.65	89.592	1587661531994475	1587661531995653	1178	0
735	373.85	186.925	89.724	1587661532004637	1587661532005797	1160	0
736	374.35	187.175	89.844	1587661532014794	1587661532015981	1187	0
737	374.85	187.425	89.964	1587661532025854	1587661532027035	1181	0
738	375.35	187.675	90.084	1587661532035087	1587661532036277	1190	0
739	375.85	187.925	90.204	1587661532045282	1587661532046473	1191	0
740	376.35	188.175	90.324	1587661532055436	1587661532056618	1182	0
741	376.85	188.425	90.444	1587661532065640	1587661532066793	1153	0
742	377.4	188.7	90.576	1587661532075774	1587661532076963	1189	0
743	377.9	188.95	90.696	1587661532085907	1587661532087125	1218	0
744	378.4	189.2	90.816	1587661532096115	1587661532097303	1188	0
745	378.9	189.45	90.936	1587661532106280	1587661532107467	1187	0
746	379.4	189.7	91.056	1587661532116465	1587661532117652	1187	0
747	379.9	189.95	91.176	1587661532127098	1587661532128250	1152	0
748	380.45	190.225	91.308	1587661532136764	1587661532137950	1186	0
749	380.95	190.475	91.428	1587661532146988	1587661532148176	1188	0
750	381.45	190.725	91.548	1587661532157143	1587661532158319	1176	0
751	381.95	190.975	91.668	1587661532167311	1587661532168497	1186	0
752	382.45	191.225	91.788	1587661532177462	1587661532178679	1217	0
753	383	191.5	91.92	1587661532187656	1587661532188844	1188	0
754	383.5	191.75	92.04	1587661532197818	1587661532199030	1212	0
755	384	192	92.16	1587661532208005	1587661532209192	1187	0
756	384.5	192.25	92.28	1587661532218160	1587661532219352	1192	0
757	385	192.5	92.4	1587661532228290	1587661532229464	1174	0
758	385.5	192.75	92.52	1587661532238482	1587661532239669	1187	0
759	386.05	193.025	92.652	1587661532248680	1587661532249847	1167	0
760	386.55	193.275	92.772	1587661532258806	1587661532260028	1222	0
761	387.05	193.525	92.892	1587661532269003	1587661532270157	1154	0
762	387.55	193.775	93.012	1587661532279149	1587661532280341	1192	0
763	388.05	194.025	93.132	1587661532289313	1587661532290495	1182	0
764	388.55	194.275	93.252	1587661532299479	1587661532300666	1187	0
765	389.1	194.55	93.384	1587661532309662	1587661532310802	1140	0
766	389.6	194.8	93.504	1587661532319814	1587661532321001	1187	0
767	390.1	195.05	93.624	1587661532329898	1587661532331113	1215	0
768	390.6	195.3	93.744	1587661532340145	1587661532341329	1184	0
769	391.1	195.55	93.864	1587661532350273	1587661532351458	1185	0
770	391.6	195.8	93.984	1587661532360428	1587661532361622	1194	0
771	392.1	196.05	94.104	1587661532370597	1587661532371788	1191	0
772	392.65	196.325	94.236	1587661532380764	1587661532381952	1188	0
773	393.15	196.575	94.356	1587661532390922	1587661532392108	1186	0
774	393.65	196.825	94.476	1587661532401090	1587661532402261	1171	0
775	394.15	197.075	94.596	1587661532411255	1587661532412445	1190	0
776	394.65	197.325	94.716	1587661532421431	1587661532422615	1184	0
777	395.15	197.575	94.836	1587661532431590	1587661532432778	1188	0
778	395.7	197.85	94.968	1587661532441764	1587661532442947	1183	0
779	396.2	198.1	95.088	1587661532451953	1587661532453142	1189	0
780	396.7	198.35	95.208	1587661532462044	1587661532463209	1165	0
781	397.2	198.6	95.328	1587661532472268	1587661532473455	1187	0
782	397.7	198.85	95.448	1587661532482399	1587661532483583	1184	0
783	398.2	199.1	95.568	1587661532492565	1587661532493749	1184	0
784	398.75	199.375	95.7	1587661532502733	1587661532503922	1189	0
785	399.25	199.625	95.82	1587661532512905	1587661532514062	1157	0
786	399.75	199.875	95.94	1587661532523081	1587661532524268	1187	0
787	400.25	200.125	96.06	1587661532533260	1587661532534429	1169	0
788	400.75	200.375	96.18	1587661532543443	1587661532544624	1181	0
789	401.25	200.625	96.3	1587661532553661	1587661532554836	1175	0
790	401.8	200.9	96.432	1587661532563757	1587661532564978	1221	0
791	402.3	201.15	96.552	1587661532573906	1587661532575131	1225	0
792	402.8	201.4	96.672	1587661532584134	1587661532585320	1186	0
793	403.3	201.65	96.792	1587661532594288	1587661532595473	1185	0
794	403.8	201.9	96.912	1587661532604475	1587661532605653	1178	0
795	404.35	202.175	97.044	1587661532614594	1587661532615782	1188	0
796	404.85	202.425	97.164	1587661532624809	1587661532625962	1153	0
797	405.35	202.675	97.284	1587661532634986	1587661532636174	1188	0
798	405.85	202.925	97.404	1587661532645152	1587661532646333	1181	0
799	406.35	203.175	97.524	1587661532655351	1587661532656541	1190	0
800	406.85	203.425	97.644	1587661532665495	1587661532666685	1190	0
801	407.4	203.7	97.776	1587661532675662	1587661532676851	1189	0
802	407.9	203.95	97.896	1587661532685817	1587661532687038	1221	0
803	408.4	204.2	98.016	1587661532696010	1587661532697200	1190	0
804	408.9	204.45	98.136	1587661532706203	1587661532707404	1201	0
805	409.4	204.7	98.256	1587661532716392	1587661532717585	1193	0
806	409.9	204.95	98.376	1587661532726560	1587661532727745	1185	0
807	410.45	205.225	98.508	1587661532736734	1587661532737909	1175	0
808	410.95	205.475	98.628	1587661532746904	1587661532748088	1184	0
809	411.45	205.725	98.748	1587661532757103	1587661532758276	1173	0
810	411.95	205.975	98.868	1587661532767249	1587661532768438	1189	0
811	412.45	206.225	98.988	1587661532777425	1587661532778611	1186	0
812	412.95	206.475	99.108	1587661532787585	1587661532788768	1183	0
813	413.5	206.75	99.24	1587661532797766	1587661532798961	1195	0
814	414	207	99.36	1587661532807956	1587661532809139	1183	0
815	414.5	207.25	99.48	1587661532818071	1587661532819262	1191	0
816	415	207.5	99.6	1587661532828311	1587661532829500	1189	0
817	415.5	207.75	99.72	1587661532838466	1587661532839655	1189	0
818	416.05	208.025	99.852	1587661532848634	1587661532849795	1161	0
819	416.55	208.275	99.972	1587661532858838	1587661532860026	1188	0
820	417.05	208.525	100.092	1587661532868982	1587661532870141	1159	0
821	417.55	208.775	100.212	1587661532879158	1587661532880350	1192	0
822	418.05	209.025	100.332	1587661532889324	1587661532890510	1186	0
823	418.55	209.275	100.452	1587661532899495	1587661532900679	1184	0
824	419.1	209.55	100.584	1587661532909661	1587661532910817	1156	0
825	419.6	209.8	100.704	1587661532919834	1587661532921021	1187	0
826	420.1	210.05	100.824	1587661532929938	1587661532931140	1202	0
827	420.6	210.3	100.944	1587661532940191	1587661532941379	1188	0
828	421.1	210.55	101.064	1587661532950280	1587661532951473	1193	0
829	421.6	210.8	101.184	1587661532960547	1587661532961693	1146	0
830	422.15	211.075	101.316	1587661532970697	1587661532971881	1184	0
831	422.65	211.325	101.436	1587661532980895	1587661532982021	1126	0
832	423.15	211.575	101.556	1587661532991066	1587661532992251	1185	0
833	423.65	211.825	101.676	1587661533001234	1587661533002405	1171	0
834	424.15	212.075	101.796	1587661533011408	1587661533012584	1176	0
835	424.65	212.325	101.916	1587661533021602	1587661533022760	1158	0
836	425.2	212.6	102.048	1587661533031736	1587661533032931	1195	0
837	425.7	212.85	102.168	1587661533041837	1587661533043087	1250	0
838	426.2	213.1	102.288	1587661533052074	1587661533053269	1195	0
839	426.7	213.35	102.408	1587661533062204	1587661533063399	1195	0
840	427.2	213.6	102.528	1587661533072448	1587661533073640	1192	0
841	427.75	213.875	102.66	1587661533082614	1587661533083802	1188	0
842	428.25	214.125	102.78	1587661533092788	1587661533093931	1143	0
843	428.75	214.375	102.9	1587661533102972	1587661533104157	1185	0
844	429.25	214.625	103.02	1587661533113138	1587661533114313	1175	0
845	429.75	214.875	103.14	1587661533123305	1587661533124486	1181	0
846	430.25	215.125	103.26	1587661533133473	1587661533134663	1190	0
847	430.8	215.4	103.392	1587661533143644	1587661533144831	1187	0
848	431.3	215.65	103.512	1587661533153768	1587661533155020	1252	0
849	431.8	215.9	103.632	1587661533164018	1587661533165204	1186	0
850	432.3	216.15	103.752	1587661533174071	1587661533175264	1193	0
851	432.8	216.4	103.872	1587661533184345	1587661533185531	1186	0
852	433.3	216.65	103.992	1587661533194515	1587661533195701	1186	0
853	433.85	216.925	104.124	1587661533204683	1587661533205825	1142	0
854	434.35	217.175	104.244	1587661533214853	1587661533216040	1187	0
855	434.85	217.425	104.364	1587661533225016	1587661533226175	1159	0
856	435.35	217.675	104.484	1587661533235186	1587661533236313	1127	0
857	435.85	217.925	104.604	1587661533245361	1587661533246542	1181	0
858	436.35	218.175	104.724	1587661533255524	1587661533256710	1186	0
859	436.9	218.45	104.856	1587661533265700	1587661533266926	1226	0
860	437.4	218.7	104.976	1587661533275890	1587661533277081	1191	0
861	437.9	218.95	105.096	1587661533285983	1587661533287191	1208	0
862	438.4	219.2	105.216	1587661533296224	1587661533297410	1186	0
863	438.9	219.45	105.336	1587661533306389	1587661533307568	1179	0
864	439.4	219.7	105.456	1587661533316554	1587661533317692	1138	0
865	439.95	219.975	105.588	1587661533326725	1587661533327911	1186	0
866	440.45	220.225	105.708	1587661533336901	1587661533338053	1152	0
867	440.95	220.475	105.828	1587661533347086	1587661533348271	1185	0
868	441.45	220.725	105.948	1587661533357254	1587661533358390	1136	0
869	441.95	220.975	106.068	1587661533367456	1587661533368644	1188	0
870	442.45	221.225	106.188	1587661533377627	1587661533378787	1160	0
871	443	221.5	106.32	1587661533387753	1587661533388945	1192	0
872	443.5	221.75	106.44	1587661533397884	1587661533399108	1224	0
873	444	222	106.56	1587661533408108	1587661533409293	1185	0
874	444.5	222.25	106.68	1587661533418247	1587661533419422	1175	0
875	445	222.5	106.8	1587661533428437	1587661533429622	1185	0
876	445.5	222.75	106.92	1587661533438589	1587661533439780	1191	0
877	446.05	223.025	107.052	1587661533448756	1587661533449954	1198	0
878	446.55	223.275	107.172	1587661533458938	1587661533460123	1185	0
879	447.05	223.525	107.292	1587661533469142	1587661533470317	1175	0
880	447.55	223.775	107.412	1587661533479290	1587661533480474	1184	0
881	448.05	224.025	107.532	1587661533489466	1587661533490649	1183	0
882	448.6	224.3	107.664	1587661533499624	1587661533500826	1202	0
883	449.1	224.55	107.784	1587661533509797	1587661533510983	1186	0
884	449.6	224.8	107.904	1587661533519976	1587661533521166	1190	0
885	450.1	225.05	108.024	1587661533530091	1587661533531278	1187	0
886	450.6	225.3	108.144	1587661533540313	1587661533541498	1185	0
887	451.1	225.55	108.264	1587661533550483	1587661533551661	1178	0
888	451.65	225.825	108.396	1587661533560646	1587661533561849	1203	0
889	452.15	226.075	108.516	1587661533570849	1587661533572035	1186	0
890	452.65	226.325	108.636	1587661533580996	1587661533582150	1154	0
891	453.15	226.575	108.756	1587661533591172	1587661533592360	1188	0
892	453.65	226.825	108.876	1587661533601346	1587661533602530	1184	0
893	454.15	227.075	108.996	1587661533611515	1587661533612698	1183	0
894	454.7	227.35	109.128	1587661533621741	1587661533622813	1072	0
895	455.2	227.6	109.248	1587661533631851	1587661533633045	1194	0
896	455.7	227.85	109.368	1587661533641945	1587661533643168	1223	0
897	456.2	228.1	109.488	1587661533652189	1587661533653379	1190	0
898	456.7	228.35	109.608	1587661533662338	1587661533663529	1191	0
899	457.2	228.6	109.728	1587661533672565	1587661533673755	1190	0
900	457.75	228.875	109.86	1587661533682707	1587661533683896	1189	0
901	458.25	229.125	109.98	1587661533692879	1587661533694037	1158	0
902	458.75	229.375	110.1	1587661533703058	1587661533704251	1193	0
903	459.25	229.625	110.22	1587661533713226	1587661533714404	1178	0
904	459.75	229.875	110.34	1587661533723407	1587661533724589	1182	0
905	460.25	230.125	110.46	1587661533733594	1587661533734757	1163	0
906	460.8	230.4	110.592	1587661533743746	1587661533744930	1184	0
907	461.3	230.65	110.712	1587661533753872	1587661533755090	1218	0
908	461.8	230.9	110.832	1587661533764086	1587661533765268	1182	0
909	462.3	231.15	110.952	1587661533774273	1587661533775470	1197	0
910	462.8	231.4	111.072	1587661533784456	1587661533785643	1187	0
911	463.35	231.675	111.204	1587661533794632	1587661533795820	1188	0
912	463.85	231.925	111.324	1587661533804804	1587661533805950	1146	0
913	464.35	232.175	111.444	1587661533814975	1587661533816162	1187	0
914	464.85	232.425	111.564	1587661533825103	1587661533826276	1173	0
915	465.35	232.675	111.684	1587661533835297	1587661533836493	1196	0
916	465.85	232.925	111.804	1587661533845475	1587661533846649	1174	0
917	466.4	233.2	111.936	1587661533855659	1587661533856849	1190	0
918	466.9	233.45	112.056	1587661533865813	1587661533867030	1217	0
919	467.4	233.7	112.176	1587661533876033	1587661533877224	1191	0
920	467.9	233.95	112.296	1587661533886152	1587661533887338	1186	0
921	468.4	234.2	112.416	1587661533896353	1587661533897541	1188	0
922	468.9	234.45	112.536	1587661533906514	1587661533907703	1189	0
923	469.45	234.725	112.668	1587661533916684	1587661533917853	1169	0
924	469.95	234.975	112.788	1587661533926856	1587661533928039	1183	0
925	470.45	235.225	112.908	1587661533937038	1587661533938193	1155	0
926	470.95	235.475	113.028	1587661533947187	-1	-1	1
927	471.45	235.725	113.148	1587661533957379	1587661533958574	1195	0
928	471.95	235.975	113.268	1587661533967543	1587661533968739	1196	0
929	472.5	236.25	113.4	1587661533977757	1587661533978952	1195	0
930	473	236.5	113.52	1587661533988398	1587661533989594	1196	0
931	473.55	236.775	113.652	1587661533998677	1587661533999864	1187	0
932	474.05	237.025	113.772	1587661534008838	1587661534009965	1127	0
933	474.55	237.275	113.892	1587661534018997	1587661534020189	1192	0
934	475.05	237.525	114.012	1587661534029159	1587661534030333	1174	0
935	475.55	237.775	114.132	1587661534039319	1587661534040505	1186	0
936	476.05	238.025	114.252	1587661534050420	1587661534051508	1088	0
937	476.55	238.275	114.372	1587661534059633	1587661534060766	1133	0
938	477.1	238.55	114.504	1587661534069809	1587661534070928	1119	0
939	477.6	238.8	114.624	1587661534080008	1587661534081132	1124	0
940	478.1	239.05	114.744	1587661534090128	1587661534091246	1118	0
941	478.6	239.3	114.864	1587661534100363	1587661534101489	1126	0
942	479.1	239.55	114.984	1587661534110491	1587661534111615	1124	0
943	479.65	239.825	115.116	1587661534120698	1587661534121799	1101	0
944	480.15	240.075	115.236	1587661534130871	1587661534131997	1126	0
945	480.65	240.325	115.356	1587661534141057	1587661534142149	1092	0
946	481.15	240.575	115.476	1587661534151640	1587661534152728	1088	0
947	481.65	240.825	115.596	1587661534161367	1587661534162490	1123	0
948	482.15	241.075	115.716	1587661534171559	1587661534172686	1127	0
949	482.7	241.35	115.848	1587661534181771	1587661534182902	1131	0
950	483.2	241.6	115.968	1587661534191935	1587661534193058	1123	0
951	483.7	241.85	116.088	1587661534202063	1587661534203183	1120	0
952	484.2	242.1	116.208	1587661534212279	1587661534213406	1127	0
953	484.7	242.35	116.328	1587661534222407	1587661534223528	1121	0
954	485.2	242.6	116.448	1587661534232619	1587661534233728	1109	0
955	485.75	242.875	116.58	1587661534242803	1587661534243921	1118	0
956	486.25	243.125	116.7	1587661534252902	1587661534253935	1033	0
957	486.75	243.375	116.82	1587661534263136	1587661534264266	1130	0
958	487.25	243.625	116.94	1587661534273311	1587661534274421	1110	0
959	487.75	243.875	117.06	1587661534283514	1587661534284600	1086	0
960	488.3	244.15	117.192	1587661534293662	1587661534294783	1121	0
961	488.8	244.4	117.312	1587661534303841	1587661534304933	1092	0
962	489.3	244.65	117.432	1587661534313943	1587661534315092	1149	0
963	489.8	244.9	117.552	1587661534324193	1587661534325314	1121	0
964	490.3	245.15	117.672	1587661534334284	1587661534335413	1129	0
965	490.8	245.4	117.792	1587661534344541	1587661534345643	1102	0
966	491.35	245.675	117.924	1587661534354707	1587661534355831	1124	0
967	491.85	245.925	118.044	1587661534364879	1587661534365940	1061	0
968	492.35	246.175	118.164	1587661534375050	1587661534376175	1125	0
969	492.85	246.425	118.284	1587661534385256	1587661534386361	1105	0
970	493.35	246.675	118.404	1587661534395415	1587661534396535	1120	0
971	493.85	246.925	118.524	1587661534405593	1587661534406700	1107	0
972	494.4	247.2	118.656	1587661534415747	1587661534416873	1126	0
973	494.9	247.45	118.776	1587661534425891	1587661534427048	1157	0
974	495.4	247.7	118.896	1587661534436096	1587661534437223	1127	0
975	495.9	247.95	119.016	1587661534446187	1587661534447314	1127	0
976	496.4	248.2	119.136	1587661534456465	1587661534457598	1133	0
977	496.9	248.45	119.256	1587661534466635	1587661534467760	1125	0
978	497.45	248.725	119.388	1587661534476806	1587661534477903	1097	0
979	497.95	248.975	119.508	1587661534487024	1587661534488173	1149	0
980	498.45	249.225	119.628	1587661534497147	1587661534498259	1112	0
981	498.95	249.475	119.748	1587661534507346	1587661534508469	1123	0
982	499.45	249.725	119.868	1587661534517517	1587661534518636	1119	0
983	500	250	120	1587661534527681	1587661534528805	1124	0
984	500.5	250.25	120.12	1587661534537841	1587661534538991	1150	0
985	501	250.5	120.24	1587661534547994	1587661534549113	1119	0
986	501.5	250.75	120.36	1587661534558118	1587661534559248	1130	0
987	502	251	120.48	1587661534568373	1587661534569499	1126	0
988	502.5	251.25	120.6	1587661534578537	1587661534579660	1123	0
989	503.05	251.525	120.732	1587661534588741	1587661534589844	1103	0
990	503.55	251.775	120.852	1587661534598895	1587661534600015	1120	0
991	504.05	252.025	120.972	1587661534609065	1587661534610155	1090	0
992	504.55	252.275	121.092	1587661534619240	1587661534620360	1120	0
993	505.05	252.525	121.212	1587661534629418	1587661534630538	1120	0
994	505.55	252.775	121.332	1587661534639580	1587661534640705	1125	0
995	506.1	253.05	121.464	1587661534649761	1587661534650883	1122	0
996	506.6	253.3	121.584	1587661534659925	1587661534661049	1124	0
997	507.1	253.55	121.704	1587661534670006	1587661534671140	1134	0
998	507.6	253.8	121.824	1587661534680261	1587661534681392	1131	0
999	508.1	254.05	121.944	1587661534690423	1587661534691546	1123	0
Total loss: 5
