1	1.05	0.525	0.252	1587661524550357
2	1.55	0.775	0.372	1587661524560488
3	2.05	1.025	0.492	1587661524570619
4	2.6	1.3	0.624	1587661524580796
5	3.1	1.55	0.744	1587661524590985
6	3.6	1.8	0.864	1587661524601136
7	4.1	2.05	0.984	1587661524611239
8	4.6	2.3	1.104	1587661524621526
9	5.1	2.55	1.224	1587661524631651
10	5.65	2.825	1.356	1587661524641829
11	6.15	3.075	1.476	1587661524652003
12	6.65	3.325	1.596	1587661524662133
13	7.15	3.575	1.716	1587661524672295
14	7.65	3.825	1.836	1587661524682518
15	8.15	4.075	1.956	1587661524692655
16	8.7	4.35	2.088	1587661524702800
17	9.2	4.6	2.208	1587661524712973
18	9.7	4.85	2.328	1587661524723145
19	10.2	5.1	2.448	1587661524733328
20	10.7	5.35	2.568	1587661524743458
21	11.2	5.6	2.688	1587661524753669
22	11.75	5.875	2.82	1587661524763831
23	12.25	6.125	2.94	1587661524773845
24	12.75	6.375	3.06	1587661524784176
25	13.25	6.625	3.18	1587661524794291
26	13.75	6.875	3.3	1587661524804443
27	14.25	7.125	3.42	1587661524814615
28	14.8	7.4	3.552	1587661524824867
29	15.3	7.65	3.672	1587661524835028
30	15.8	7.9	3.792	1587661524845144
31	16.3	8.15	3.912	1587661524855284
32	16.8	8.4	4.032	1587661524865510
33	17.3	8.65	4.152	1587661524875636
34	17.85	8.925	4.284	1587661524885787
35	18.35	9.175	4.404	1587661524896024
36	18.85	9.425	4.524	1587661524906154
37	19.35	9.675	4.644	1587661524916332
38	19.85	9.925	4.764	1587661524926547
39	20.35	10.175	4.884	1587661524936706
40	20.9	10.45	5.016	1587661524946878
41	21.4	10.7	5.136	1587661524957061
42	21.9	10.95	5.256	1587661524967166
43	22.4	11.2	5.376	1587661524977377
44	22.9	11.45	5.496	1587661524987995
45	23.4	11.7	5.616	1587661524997716
46	23.95	11.975	5.748	1587661525007926
47	24.45	12.225	5.868	1587661525018039
48	24.95	12.475	5.988	1587661525028276
49	25.45	12.725	6.108	1587661525038410
50	25.95	12.975	6.228	1587661525048601
51	26.5	13.25	6.36	1587661525058773
52	27	13.5	6.48	1587661525068939
53	27.5	13.75	6.6	1587661525079098
54	28	14	6.72	1587661525089281
55	28.5	14.25	6.84	1587661525099429
56	29	14.5	6.96	1587661525109617
57	29.55	14.775	7.092	1587661525119775
58	30.05	15.025	7.212	1587661525129901
59	30.55	15.275	7.332	1587661525140123
60	31.05	15.525	7.452	1587661525150244
61	31.55	15.775	7.572	1587661525160461
62	32.05	16.025	7.692	1587661525170652
63	32.6	16.3	7.824	1587661525180819
64	33.1	16.55	7.944	1587661525191004
65	33.6	16.8	8.064	1587661525201177
66	34.1	17.05	8.184	1587661525211279
67	34.6	17.3	8.304	1587661525221520
68	35.1	17.55	8.424	1587661525231715
69	35.65	17.825	8.556	1587661525241824
70	36.15	18.075	8.676	1587661525252053
71	36.65	18.325	8.796	1587661525262185
72	37.15	18.575	8.916	1587661525272394
73	37.65	18.825	9.036	1587661525282569
74	38.15	19.075	9.156	1587661525292733
75	38.7	19.35	9.288	1587661525302901
76	39.2	19.6	9.408	1587661525313081
77	39.7	19.85	9.528	1587661525323203
78	40.2	20.1	9.648	1587661525333448
79	40.7	20.35	9.768	1587661525343596
80	41.2	20.6	9.888	1587661525353628
81	41.75	20.875	10.02	1587661525363901
82	42.25	21.125	10.14	1587661525374020
83	42.75	21.375	10.26	1587661525384244
84	43.25	21.625	10.38	1587661525394399
85	43.75	21.875	10.5	1587661525404582
86	44.25	22.125	10.62	1587661525414756
87	44.8	22.4	10.752	1587661525424924
88	45.3	22.65	10.872	1587661525435089
89	45.8	22.9	10.992	1587661525445244
90	46.3	23.15	11.112	1587661525455337
91	46.8	23.4	11.232	1587661525465617
92	47.35	23.675	11.364	1587661525475793
93	47.85	23.925	11.484	1587661525485843
94	48.35	24.175	11.604	1587661525496147
95	48.85	24.425	11.724	1587661525506296
96	49.35	24.675	11.844	1587661525516454
97	49.85	24.925	11.964	1587661525526650
98	50.4	25.2	12.096	1587661525536853
99	50.9	25.45	12.216	1587661525547029
100	51.4	25.7	12.336	1587661525557177
101	51.9	25.95	12.456	1587661525567237
102	52.4	26.2	12.576	1587661525577516
103	52.9	26.45	12.696	1587661525587675
104	53.45	26.725	12.828	1587661525597777
105	53.95	26.975	12.948	1587661525608037
106	54.45	27.225	13.068	1587661525618166
107	54.95	27.475	13.188	1587661525628374
108	55.45	27.725	13.308	1587661525638574
109	56.5	28.25	13.56	1587661525658907
110	57	28.5	13.68	1587661525669076
111	57.5	28.75	13.8	1587661525679205
112	58	29	13.92	1587661525689419
113	58.5	29.25	14.04	1587661525699548
114	59	29.5	14.16	1587661525709711
115	59.55	29.775	14.292	1587661525719928
116	60.05	30.025	14.412	1587661525730050
117	60.55	30.275	14.532	1587661525740244
118	61.05	30.525	14.652	1587661525751408
119	61.55	30.775	14.772	1587661525760586
120	62.05	31.025	14.892	1587661525770747
121	62.6	31.3	15.024	1587661525780910
122	63.1	31.55	15.144	1587661525791067
123	63.6	31.8	15.264	1587661525801234
124	64.1	32.05	15.384	1587661525811354
125	64.6	32.3	15.504	1587661525821601
126	65.1	32.55	15.624	1587661525831754
127	65.65	32.825	15.756	1587661525841949
128	66.15	33.075	15.876	1587661525852638
129	66.65	33.325	15.996	1587661525862281
130	67.15	33.575	16.116	1587661525872462
131	67.65	33.825	16.236	1587661525882637
132	68.2	34.1	16.368	1587661525892776
133	68.7	34.35	16.488	1587661525902988
134	69.2	34.6	16.608	1587661525913149
135	69.7	34.85	16.728	1587661525923222
136	70.2	35.1	16.848	1587661525933524
137	70.7	35.35	16.968	1587661525943709
138	71.25	35.625	17.1	1587661525953792
139	71.75	35.875	17.22	1587661525964044
140	72.25	36.125	17.34	1587661525974147
141	72.75	36.375	17.46	1587661525984383
142	73.25	36.625	17.58	1587661525994552
143	73.75	36.875	17.7	1587661526004712
144	74.3	37.15	17.832	1587661526014889
145	74.8	37.4	17.952	1587661526025043
146	75.3	37.65	18.072	1587661526035157
147	75.8	37.9	18.192	1587661526045418
148	76.3	38.15	18.312	1587661526055484
149	76.8	38.4	18.432	1587661526065678
150	77.35	38.675	18.564	1587661526075866
151	77.85	38.925	18.684	1587661526085866
152	78.35	39.175	18.804	1587661526096217
153	78.85	39.425	18.924	1587661526106380
154	79.35	39.675	19.044	1587661526116514
155	79.85	39.925	19.164	1587661526126733
156	80.4	40.2	19.296	1587661526136908
157	80.9	40.45	19.416	1587661526147102
158	81.4	40.7	19.536	1587661526157279
159	81.9	40.95	19.656	1587661526167364
160	82.4	41.2	19.776	1587661526177620
161	82.95	41.475	19.908	1587661526187783
162	83.45	41.725	20.028	1587661526197845
163	83.95	41.975	20.148	1587661526208123
164	84.45	42.225	20.268	1587661526218274
165	84.95	42.475	20.388	1587661526228467
166	85.45	42.725	20.508	1587661526238637
167	86	43	20.64	1587661526248843
168	86.5	43.25	20.76	1587661526258970
169	87	43.5	20.88	1587661526269155
170	87.5	43.75	21	1587661526279226
171	88	44	21.12	1587661526289506
172	88.5	44.25	21.24	1587661526299676
173	89.05	44.525	21.372	1587661526309782
174	89.55	44.775	21.492	1587661526320041
175	90.05	45.025	21.612	1587661526330174
176	90.55	45.275	21.732	1587661526340374
177	91.05	45.525	21.852	1587661526350574
178	91.55	45.775	21.972	1587661526360676
179	92.1	46.05	22.104	1587661526370893
180	92.6	46.3	22.224	1587661526381072
181	93.1	46.55	22.344	1587661526391240
182	93.6	46.8	22.464	1587661526401406
183	94.1	47.05	22.584	1587661526411505
184	94.6	47.3	22.704	1587661526422094
185	95.15	47.575	22.836	1587661526432007
186	95.65	47.825	22.956	1587661526442012
187	96.15	48.075	23.076	1587661526452280
188	96.65	48.325	23.196	1587661526462409
189	97.15	48.575	23.316	1587661526472593
190	97.65	48.825	23.436	1587661526482758
191	98.2	49.1	23.568	1587661526492923
192	98.7	49.35	23.688	1587661526503091
193	99.2	49.6	23.808	1587661526513287
194	99.7	49.85	23.928	1587661526523415
195	100.2	50.1	24.048	1587661526533611
196	100.75	50.375	24.18	1587661526543787
197	101.25	50.625	24.3	1587661526553922
198	101.75	50.875	24.42	1587661526564143
199	102.25	51.125	24.54	1587661526574292
200	102.75	51.375	24.66	1587661526584474
201	103.25	51.625	24.78	1587661526594640
202	103.8	51.9	24.912	1587661526604819
203	104.3	52.15	25.032	1587661526614990
204	104.8	52.4	25.152	1587661526625148
205	105.3	52.65	25.272	1587661526635282
206	105.8	52.9	25.392	1587661526645545
207	106.3	53.15	25.512	1587661526655717
208	106.85	53.425	25.644	1587661526665860
209	107.35	53.675	25.764	1587661526676041
210	107.85	53.925	25.884	1587661526686186
211	108.35	54.175	26.004	1587661526696387
212	108.85	54.425	26.124	1587661526706544
213	109.35	54.675	26.244	1587661526716725
214	109.9	54.95	26.376	1587661526726897
215	110.4	55.2	26.496	1587661526737070
216	110.9	55.45	26.616	1587661526747187
217	111.4	55.7	26.736	1587661526757435
218	111.9	55.95	26.856	1587661526767587
219	112.4	56.2	26.976	1587661526777725
220	112.95	56.475	27.108	1587661526787897
221	113.45	56.725	27.228	1587661526798026
222	113.95	56.975	27.348	1587661526808238
223	114.45	57.225	27.468	1587661526818409
224	114.95	57.475	27.588	1587661526828573
225	115.5	57.75	27.72	1587661526838756
226	116	58	27.84	1587661526848975
227	116.5	58.25	27.96	1587661526859143
228	117	58.5	28.08	1587661526869326
229	117.5	58.75	28.2	1587661526879454
230	118	59	28.32	1587661526889648
231	118.55	59.275	28.452	1587661526899832
232	119.05	59.525	28.572	1587661526909906
233	119.55	59.775	28.692	1587661526920177
234	120.05	60.025	28.812	1587661526930334
235	120.55	60.275	28.932	1587661526940512
236	121.05	60.525	29.052	1587661526950686
237	121.6	60.8	29.184	1587661526960897
238	122.1	61.05	29.304	1587661526971050
239	122.6	61.3	29.424	1587661526981208
240	123.1	61.55	29.544	1587661526991363
241	123.6	61.8	29.664	1587661527001548
242	124.1	62.05	29.784	1587661527011716
243	124.65	62.325	29.916	1587661527021870
244	125.15	62.575	30.036	1587661527032060
245	125.65	62.825	30.156	1587661527042206
246	126.15	63.075	30.276	1587661527052331
247	126.65	63.325	30.396	1587661527062593
248	127.15	63.575	30.516	1587661527072745
249	127.7	63.85	30.648	1587661527082914
250	128.2	64.1	30.768	1587661527093091
251	128.7	64.35	30.888	1587661527103210
252	129.2	64.6	31.008	1587661527113432
253	129.7	64.85	31.128	1587661527123596
254	130.2	65.1	31.248	1587661527133731
255	130.75	65.375	31.38	1587661527143977
256	131.25	65.625	31.5	1587661527154070
257	131.75	65.875	31.62	1587661527164311
258	132.25	66.125	31.74	1587661527174458
259	132.75	66.375	31.86	1587661527184629
260	133.3	66.65	31.992	1587661527194795
261	133.8	66.9	32.112	1587661527204975
262	134.3	67.15	32.232	1587661527215107
263	134.8	67.4	32.352	1587661527225318
264	135.3	67.65	32.472	1587661527235475
265	135.8	67.9	32.592	1587661527245644
266	136.35	68.175	32.724	1587661527255819
267	136.85	68.425	32.844	1587661527265975
268	137.35	68.675	32.964	1587661527276165
269	137.85	68.925	33.084	1587661527286291
270	138.35	69.175	33.204	1587661527296503
271	138.85	69.425	33.324	1587661527306674
272	139.4	69.7	33.456	1587661527316843
273	139.9	69.95	33.576	1587661527327033
274	140.4	70.2	33.696	1587661527337176
275	140.9	70.45	33.816	1587661527347315
276	141.4	70.7	33.936	1587661527357522
277	141.9	70.95	34.056	1587661527367721
278	142.45	71.225	34.188	1587661527377885
279	142.95	71.475	34.308	1587661527388048
280	143.45	71.725	34.428	1587661527398225
281	143.95	71.975	34.548	1587661527408395
282	144.45	72.225	34.668	1587661527418555
283	144.95	72.475	34.788	1587661527428728
284	145.5	72.75	34.92	1587661527438903
285	146	73	35.04	1587661527449044
286	146.5	73.25	35.16	1587661527459169
287	147	73.5	35.28	1587661527469420
288	147.5	73.75	35.4	1587661527479560
289	148	74	35.52	1587661527489612
290	148.55	74.275	35.652	1587661527499867
291	149.05	74.525	35.772	1587661527510009
292	149.55	74.775	35.892	1587661527520201
293	150.05	75.025	36.012	1587661527530364
294	150.55	75.275	36.132	1587661527540547
295	151.05	75.525	36.252	1587661527550718
296	151.6	75.8	36.384	1587661527560904
297	152.1	76.05	36.504	1587661527571093
298	152.6	76.3	36.624	1587661527581261
299	153.1	76.55	36.744	1587661527591412
300	153.6	76.8	36.864	1587661527601610
301	154.1	77.05	36.984	1587661527611770
302	154.65	77.325	37.116	1587661527621921
303	155.15	77.575	37.236	1587661527632112
304	155.65	77.825	37.356	1587661527642264
305	156.15	78.075	37.476	1587661527652447
306	156.65	78.325	37.596	1587661527662620
307	157.2	78.6	37.728	1587661527672811
308	157.7	78.85	37.848	1587661527682980
309	158.2	79.1	37.968	1587661527693140
310	158.7	79.35	38.088	1587661527703251
311	159.2	79.6	38.208	1587661527713485
312	159.7	79.85	38.328	1587661527723651
313	160.25	80.125	38.46	1587661527733879
314	160.75	80.375	38.58	1587661527744042
315	161.25	80.625	38.7	1587661527754180
316	161.75	80.875	38.82	1587661527764385
317	162.25	81.125	38.94	1587661527775658
318	162.75	81.375	39.06	1587661527784731
319	163.3	81.65	39.192	1587661527794908
320	163.8	81.9	39.312	1587661527805073
321	164.3	82.15	39.432	1587661527815200
322	164.8	82.4	39.552	1587661527825409
323	165.3	82.65	39.672	1587661527835553
324	165.8	82.9	39.792	1587661527845736
325	166.35	83.175	39.924	1587661527855862
326	166.85	83.425	40.044	1587661527866004
327	167.35	83.675	40.164	1587661527876954
328	167.85	83.925	40.284	1587661527886330
329	168.35	84.175	40.404	1587661527896511
330	168.85	84.425	40.524	1587661527906682
331	169.4	84.7	40.656	1587661527916837
332	169.9	84.95	40.776	1587661527927015
333	170.4	85.2	40.896	1587661527937180
334	170.9	85.45	41.016	1587661527947250
335	171.4	85.7	41.136	1587661527957513
336	171.9	85.95	41.256	1587661527967683
337	172.45	86.225	41.388	1587661527978094
338	172.95	86.475	41.508	1587661527988062
339	173.45	86.725	41.628	1587661527998163
340	173.95	86.975	41.748	1587661528008376
341	174.45	87.225	41.868	1587661528018542
342	174.95	87.475	41.988	1587661528028713
343	175.5	87.75	42.12	1587661528038883
344	176	88	42.24	1587661528049083
345	176.5	88.25	42.36	1587661528059197
346	177	88.5	42.48	1587661528069409
347	177.5	88.75	42.6	1587661528079582
348	178	89	42.72	1587661528089759
349	178.55	89.275	42.852	1587661528099944
350	179.05	89.525	42.972	1587661528110083
351	179.55	89.775	43.092	1587661528120284
352	180.05	90.025	43.212	1587661528130434
353	180.55	90.275	43.332	1587661528140628
354	181.05	90.525	43.452	1587661528150807
355	181.6	90.8	43.584	1587661528160976
356	182.1	91.05	43.704	1587661528171128
357	182.6	91.3	43.824	1587661528181357
358	183.1	91.55	43.944	1587661528191497
359	183.6	91.8	44.064	1587661528201649
360	184.15	92.075	44.196	1587661528211863
361	184.65	92.325	44.316	1587661528221964
362	185.15	92.575	44.436	1587661528232207
363	185.65	92.825	44.556	1587661528242363
364	186.15	93.075	44.676	1587661528252544
365	186.65	93.325	44.796	1587661528262684
366	187.2	93.6	44.928	1587661528272878
367	187.7	93.85	45.048	1587661528283074
368	188.2	94.1	45.168	1587661528293221
369	188.7	94.35	45.288	1587661528303366
370	189.2	94.6	45.408	1587661528313552
371	189.7	94.85	45.528	1587661528323711
372	190.25	95.125	45.66	1587661528333882
373	190.75	95.375	45.78	1587661528344059
374	191.25	95.625	45.9	1587661528354157
375	191.75	95.875	46.02	1587661528364366
376	192.25	96.125	46.14	1587661528374529
377	192.75	96.375	46.26	1587661528384739
378	193.3	96.65	46.392	1587661528394896
379	193.8	96.9	46.512	1587661528405069
380	194.3	97.15	46.632	1587661528415196
381	194.8	97.4	46.752	1587661528425403
382	195.3	97.65	46.872	1587661528435573
383	195.8	97.9	46.992	1587661528445747
384	196.35	98.175	47.124	1587661528455914
385	196.85	98.425	47.244	1587661528466061
386	197.35	98.675	47.364	1587661528476273
387	197.85	98.925	47.484	1587661528486477
388	198.35	99.175	47.604	1587661528496589
389	198.9	99.45	47.736	1587661528506794
390	199.4	99.7	47.856	1587661528516966
391	199.9	99.95	47.976	1587661528527095
392	200.4	100.2	48.096	1587661528537309
393	200.9	100.45	48.216	1587661528547474
394	201.4	100.7	48.336	1587661528557670
395	201.95	100.975	48.468	1587661528567823
396	202.45	101.225	48.588	1587661528577958
397	202.95	101.475	48.708	1587661528588212
398	203.45	101.725	48.828	1587661528598347
399	203.95	101.975	48.948	1587661528608527
400	204.45	102.225	49.068	1587661528618700
401	205	102.5	49.2	1587661528628872
402	205.5	102.75	49.32	1587661528639043
403	206	103	49.44	1587661528649192
404	206.5	103.25	49.56	1587661528659331
405	207	103.5	49.68	1587661528669548
406	207.5	103.75	49.8	1587661528679714
407	208.05	104.025	49.932	1587661528689893
408	208.55	104.275	50.052	1587661528700079
409	209.05	104.525	50.172	1587661528710224
410	209.55	104.775	50.292	1587661528720423
411	210.05	105.025	50.412	1587661528730584
412	210.55	105.275	50.532	1587661528740755
413	211.1	105.55	50.664	1587661528750934
414	211.6	105.8	50.784	1587661528761095
415	212.1	106.05	50.904	1587661528771202
416	212.6	106.3	51.024	1587661528781445
417	213.1	106.55	51.144	1587661528791641
418	213.65	106.825	51.276	1587661528801778
419	214.15	107.075	51.396	1587661528811957
420	214.65	107.325	51.516	1587661528822096
421	215.15	107.575	51.636	1587661528832307
422	215.65	107.825	51.756	1587661528842474
423	216.15	108.075	51.876	1587661528852646
424	216.7	108.35	52.008	1587661528862840
425	217.2	108.6	52.128	1587661528872979
426	217.7	108.85	52.248	1587661528883073
427	218.2	109.1	52.368	1587661528893356
428	218.7	109.35	52.488	1587661528903459
429	219.2	109.6	52.608	1587661528913647
430	219.75	109.875	52.74	1587661528923797
431	220.25	110.125	52.86	1587661528933901
432	220.75	110.375	52.98	1587661528944141
433	221.25	110.625	53.1	1587661528954299
434	221.75	110.875	53.22	1587661528964481
435	222.25	111.125	53.34	1587661528974644
436	222.8	111.4	53.472	1587661528984830
437	223.3	111.65	53.592	1587661528995043
438	223.8	111.9	53.712	1587661529005181
439	224.3	112.15	53.832	1587661529015325
440	224.8	112.4	53.952	1587661529025530
441	225.3	112.65	54.072	1587661529035699
442	225.85	112.925	54.204	1587661529045885
443	226.35	113.175	54.324	1587661529056050
444	226.85	113.425	54.444	1587661529066187
445	227.35	113.675	54.564	1587661529076387
446	227.85	113.925	54.684	1587661529086520
447	228.35	114.175	54.804	1587661529096765
448	228.9	114.45	54.936	1587661529106914
449	229.4	114.7	55.056	1587661529117099
450	229.9	114.95	55.176	1587661529127219
451	230.4	115.2	55.296	1587661529137438
452	230.9	115.45	55.416	1587661529147596
453	231.45	115.725	55.548	1587661529157745
454	231.95	115.975	55.668	1587661529167943
455	232.45	116.225	55.788	1587661529178082
456	232.95	116.475	55.908	1587661529188276
457	233.45	116.725	56.028	1587661529198486
458	233.95	116.975	56.148	1587661529208637
459	234.5	117.25	56.28	1587661529218810
460	235	117.5	56.4	1587661529228986
461	235.5	117.75	56.52	1587661529239114
462	236	118	56.64	1587661529249337
463	236.5	118.25	56.76	1587661529259486
464	237	118.5	56.88	1587661529269654
465	237.55	118.775	57.012	1587661529279825
466	238.05	119.025	57.132	1587661529289930
467	238.55	119.275	57.252	1587661529300212
468	239.05	119.525	57.372	1587661529310345
469	239.55	119.775	57.492	1587661529320530
470	240.05	120.025	57.612	1587661529330692
471	240.6	120.3	57.744	1587661529340858
472	241.1	120.55	57.864	1587661529351039
473	241.6	120.8	57.984	1587661529361217
474	242.1	121.05	58.104	1587661529371325
475	242.6	121.3	58.224	1587661529381558
476	243.1	121.55	58.344	1587661529391729
477	243.65	121.825	58.476	1587661529401924
478	244.15	122.075	58.596	1587661529412106
479	244.65	122.325	58.716	1587661529422259
480	245.15	122.575	58.836	1587661529432459
481	245.65	122.825	58.956	1587661529442628
482	246.2	123.1	59.088	1587661529452805
483	246.7	123.35	59.208	1587661529462986
484	247.2	123.6	59.328	1587661529473102
485	247.7	123.85	59.448	1587661529483243
486	248.2	124.1	59.568	1587661529493485
487	248.7	124.35	59.688	1587661529503685
488	249.25	124.625	59.82	1587661529513817
489	249.75	124.875	59.94	1587661529524006
490	250.25	125.125	60.06	1587661529534137
491	250.75	125.375	60.18	1587661529544354
492	251.25	125.625	60.3	1587661529554517
493	251.75	125.875	60.42	1587661529564686
494	252.3	126.15	60.552	1587661529574858
495	252.8	126.4	60.672	1587661529585042
496	253.3	126.65	60.792	1587661529595157
497	253.8	126.9	60.912	1587661529605411
498	254.3	127.15	61.032	1587661529615564
499	254.8	127.4	61.152	1587661529625717
500	255.35	127.675	61.284	1587661529635934
501	255.85	127.925	61.404	1587661529646059
502	256.35	128.175	61.524	1587661529656286
503	256.85	128.425	61.644	1587661529666462
504	257.35	128.675	61.764	1587661529676624
505	257.9	128.95	61.896	1587661529686795
506	258.4	129.2	62.016	1587661529696967
507	258.9	129.45	62.136	1587661529707149
508	259.4	129.7	62.256	1587661529717353
509	259.9	129.95	62.376	1587661529727464
510	260.4	130.2	62.496	1587661529737651
511	260.95	130.475	62.628	1587661529747825
512	261.45	130.725	62.748	1587661529757937
513	261.95	130.975	62.868	1587661529768193
514	262.45	131.225	62.988	1587661529778368
515	262.95	131.475	63.108	1587661529788550
516	264	132	63.36	1587661529808885
517	264.5	132.25	63.48	1587661529819096
518	265	132.5	63.6	1587661529829274
519	265.5	132.75	63.72	1587661529839408
520	266	133	63.84	1587661529849624
521	266.55	133.275	63.972	1587661529859792
522	267.05	133.525	64.092	1587661529869927
523	267.55	133.775	64.212	1587661529880117
524	268.05	134.025	64.332	1587661529890264
525	268.55	134.275	64.452	1587661529901436
526	269.05	134.525	64.572	1587661529910613
527	269.55	134.775	64.692	1587661529920762
528	270.1	135.05	64.824	1587661529930926
529	270.6	135.3	64.944	1587661529941085
530	271.1	135.55	65.064	1587661529951199
531	271.6	135.8	65.184	1587661529961406
532	272.1	136.05	65.304	1587661529971569
533	272.6	136.3	65.424	1587661529981717
534	273.15	136.575	65.556	1587661529991905
535	273.65	136.825	65.676	1587661530002667
536	274.15	137.075	65.796	1587661530012276
537	274.65	137.325	65.916	1587661530022409
538	275.15	137.575	66.036	1587661530032594
539	275.7	137.85	66.168	1587661530042755
540	276.2	138.1	66.288	1587661530052968
541	276.7	138.35	66.408	1587661530063100
542	277.2	138.6	66.528	1587661530073315
543	277.7	138.85	66.648	1587661530083476
544	278.2	139.1	66.768	1587661530093661
545	278.75	139.375	66.9	1587661530103922
546	279.25	139.625	67.02	1587661530113979
547	279.75	139.875	67.14	1587661530124178
548	280.25	140.125	67.26	1587661530134338
549	280.75	140.375	67.38	1587661530144550
550	281.25	140.625	67.5	1587661530154734
551	281.8	140.9	67.632	1587661530164903
552	282.3	141.15	67.752	1587661530175065
553	282.8	141.4	67.872	1587661530185250
554	283.3	141.65	67.992	1587661530195320
555	283.8	141.9	68.112	1587661530205584
556	284.3	142.15	68.232	1587661530215776
557	284.85	142.425	68.364	1587661530225947
558	285.35	142.675	68.484	1587661530236095
559	285.85	142.925	68.604	1587661530246249
560	286.35	143.175	68.724	1587661530256445
561	286.85	143.425	68.844	1587661530266614
562	287.4	143.7	68.976	1587661530276780
563	287.9	143.95	69.096	1587661530286946
564	288.4	144.2	69.216	1587661530297128
565	288.9	144.45	69.336	1587661530307232
566	289.4	144.7	69.456	1587661530317507
567	289.9	144.95	69.576	1587661530327648
568	290.45	145.225	69.708	1587661530337865
569	290.95	145.475	69.828	1587661530348024
570	291.45	145.725	69.948	1587661530358126
571	291.95	145.975	70.068	1587661530368364
572	292.45	146.225	70.188	1587661530378535
573	292.95	146.475	70.308	1587661530388699
574	293.5	146.75	70.44	1587661530398872
575	294	147	70.56	1587661530409038
576	294.5	147.25	70.68	1587661530419197
577	295	147.5	70.8	1587661530429412
578	295.5	147.75	70.92	1587661530439544
579	296	148	71.04	1587661530449740
580	296.55	148.275	71.172	1587661530459897
581	297.05	148.525	71.292	1587661530470029
582	297.55	148.775	71.412	1587661530480241
583	298.05	149.025	71.532	1587661530490404
584	298.55	149.275	71.652	1587661530500587
585	299.05	149.525	71.772	1587661530510718
586	299.6	149.8	71.904	1587661530520959
587	300.1	150.05	72.024	1587661530531067
588	300.6	150.3	72.144	1587661530541288
589	301.1	150.55	72.264	1587661530551444
590	301.6	150.8	72.384	1587661530561639
591	302.1	151.05	72.504	1587661530571788
592	302.65	151.325	72.636	1587661530581898
593	303.15	151.575	72.756	1587661530592106
594	303.65	151.825	72.876	1587661530602257
595	304.15	152.075	72.996	1587661530612447
596	304.65	152.325	73.116	1587661530622656
597	305.2	152.6	73.248	1587661530632827
598	305.7	152.85	73.368	1587661530642991
599	306.2	153.1	73.488	1587661530653158
600	306.7	153.35	73.608	1587661530663264
601	307.2	153.6	73.728	1587661530673540
602	307.7	153.85	73.848	1587661530683705
603	308.25	154.125	73.98	1587661530693869
604	308.75	154.375	74.1	1587661530704019
605	309.25	154.625	74.22	1587661530714153
606	309.75	154.875	74.34	1587661530724389
607	310.25	155.125	74.46	1587661530734531
608	310.75	155.375	74.58	1587661530744702
609	311.3	155.65	74.712	1587661530754827
610	311.8	155.9	74.832	1587661530765005
611	312.3	156.15	74.952	1587661530775109
612	312.8	156.4	75.072	1587661530785338
613	313.3	156.65	75.192	1587661530795458
614	313.8	156.9	75.312	1587661530805646
615	314.35	157.175	75.444	1587661530815840
616	314.85	157.425	75.564	1587661530826010
617	315.35	157.675	75.684	1587661530836208
618	315.85	157.925	75.804	1587661530846364
619	316.35	158.175	75.924	1587661530856537
620	316.85	158.425	76.044	1587661530866706
621	317.4	158.7	76.176	1587661530876893
622	317.9	158.95	76.296	1587661530887007
623	318.4	159.2	76.416	1587661530897218
624	318.9	159.45	76.536	1587661530907360
625	319.4	159.7	76.656	1587661530917554
626	319.9	159.95	76.776	1587661530927735
627	320.45	160.225	76.908	1587661530937882
628	320.95	160.475	77.028	1587661530948060
629	321.45	160.725	77.148	1587661530958212
630	321.95	160.975	77.268	1587661530968331
631	322.45	161.225	77.388	1587661530978559
632	322.95	161.475	77.508	1587661530989410
633	323.5	161.75	77.64	1587661530998888
634	324	162	77.76	1587661531009069
635	324.5	162.25	77.88	1587661531019178
636	325	162.5	78	1587661531029439
637	325.5	162.75	78.12	1587661531039581
638	326	163	78.24	1587661531049762
639	326.55	163.275	78.372	1587661531059931
640	327.05	163.525	78.492	1587661531070068
641	327.55	163.775	78.612	1587661531080266
642	328.05	164.025	78.732	1587661531090435
643	328.55	164.275	78.852	1587661531100600
644	329.05	164.525	78.972	1587661531110738
645	329.6	164.8	79.104	1587661531120938
646	330.1	165.05	79.224	1587661531131101
647	330.6	165.3	79.344	1587661531141306
648	331.1	165.55	79.464	1587661531151394
649	331.6	165.8	79.584	1587661531161586
650	332.1	166.05	79.704	1587661531171732
651	332.65	166.325	79.836	1587661531181898
652	333.15	166.575	79.956	1587661531192017
653	333.65	166.825	80.076	1587661531202226
654	334.15	167.075	80.196	1587661531212422
655	334.65	167.325	80.316	1587661531222592
656	335.15	167.575	80.436	1587661531232796
657	335.7	167.85	80.568	1587661531242956
658	336.2	168.1	80.688	1587661531253117
659	336.7	168.35	80.808	1587661531263206
660	337.2	168.6	80.928	1587661531273475
661	337.7	168.85	81.048	1587661531283592
662	338.2	169.1	81.168	1587661531293746
663	338.75	169.375	81.3	1587661531303936
664	339.25	169.625	81.42	1587661531314067
665	339.75	169.875	81.54	1587661531324272
666	340.25	170.125	81.66	1587661531334472
667	340.75	170.375	81.78	1587661531344627
668	341.3	170.65	81.912	1587661531354765
669	341.8	170.9	82.032	1587661531364968
670	342.3	171.15	82.152	1587661531375102
671	342.8	171.4	82.272	1587661531385303
672	343.3	171.65	82.392	1587661531395457
673	343.8	171.9	82.512	1587661531405619
674	344.35	172.175	82.644	1587661531415798
675	344.85	172.425	82.764	1587661531425908
676	345.35	172.675	82.884	1587661531436175
677	345.85	172.925	83.004	1587661531446310
678	346.35	173.175	83.124	1587661531456490
679	346.85	173.425	83.244	1587661531466660
680	347.4	173.7	83.376	1587661531476827
681	347.9	173.95	83.496	1587661531487015
682	348.4	174.2	83.616	1587661531497163
683	348.9	174.45	83.736	1587661531507309
684	349.4	174.7	83.856	1587661531517513
685	349.9	174.95	83.976	1587661531527677
686	350.45	175.225	84.108	1587661531537873
687	350.95	175.475	84.228	1587661531548054
688	351.45	175.725	84.348	1587661531558181
689	351.95	175.975	84.468	1587661531568396
690	352.45	176.225	84.588	1587661531578560
691	352.95	176.475	84.708	1587661531588715
692	353.5	176.75	84.84	1587661531598887
693	354	177	84.96	1587661531609085
694	354.5	177.25	85.08	1587661531619209
695	355	177.5	85.2	1587661531629418
696	355.5	177.75	85.32	1587661531639592
697	356	178	85.44	1587661531649744
698	356.55	178.275	85.572	1587661531659935
699	357.05	178.525	85.692	1587661531670075
700	357.55	178.775	85.812	1587661531680273
701	358.05	179.025	85.932	1587661531690436
702	358.55	179.275	86.052	1587661531700609
703	359.1	179.55	86.184	1587661531710748
704	359.6	179.8	86.304	1587661531720965
705	360.1	180.05	86.424	1587661531731152
706	360.6	180.3	86.544	1587661531741361
707	361.1	180.55	86.664	1587661531751494
708	361.6	180.8	86.784	1587661531761678
709	362.15	181.075	86.916	1587661531771848
710	362.65	181.325	87.036	1587661531781941
711	363.15	181.575	87.156	1587661531792181
712	363.65	181.825	87.276	1587661531802373
713	364.15	182.075	87.396	1587661531812557
714	364.65	182.325	87.516	1587661531822727
715	365.2	182.6	87.648	1587661531832897
716	365.7	182.85	87.768	1587661531843087
717	366.2	183.1	87.888	1587661531853255
718	366.7	183.35	88.008	1587661531863375
719	367.2	183.6	88.128	1587661531873620
720	367.7	183.85	88.248	1587661531883764
721	368.25	184.125	88.38	1587661531893943
722	368.75	184.375	88.5	1587661531904127
723	369.25	184.625	88.62	1587661531914273
724	370.25	185.125	88.86	1587661531934639
725	370.8	185.4	88.992	1587661531944844
726	371.3	185.65	89.112	1587661531954997
727	371.8	185.9	89.232	1587661531965171
728	372.3	186.15	89.352	1587661531975279
729	372.8	186.4	89.472	1587661531985499
730	373.3	186.65	89.592	1587661531995653
731	373.85	186.925	89.724	1587661532005797
732	374.35	187.175	89.844	1587661532015981
733	374.85	187.425	89.964	1587661532027035
734	375.35	187.675	90.084	1587661532036277
735	375.85	187.925	90.204	1587661532046473
736	376.35	188.175	90.324	1587661532056618
737	376.85	188.425	90.444	1587661532066793
738	377.4	188.7	90.576	1587661532076963
739	377.9	188.95	90.696	1587661532087125
740	378.4	189.2	90.816	1587661532097303
741	378.9	189.45	90.936	1587661532107467
742	379.4	189.7	91.056	1587661532117652
743	379.9	189.95	91.176	1587661532128250
744	380.45	190.225	91.308	1587661532137950
745	380.95	190.475	91.428	1587661532148176
746	381.45	190.725	91.548	1587661532158319
747	381.95	190.975	91.668	1587661532168497
748	382.45	191.225	91.788	1587661532178679
749	383	191.5	91.92	1587661532188844
750	383.5	191.75	92.04	1587661532199030
751	384	192	92.16	1587661532209192
752	384.5	192.25	92.28	1587661532219352
753	385	192.5	92.4	1587661532229464
754	385.5	192.75	92.52	1587661532239669
755	386.05	193.025	92.652	1587661532249847
756	386.55	193.275	92.772	1587661532260028
757	387.05	193.525	92.892	1587661532270157
758	387.55	193.775	93.012	1587661532280341
759	388.05	194.025	93.132	1587661532290495
760	388.55	194.275	93.252	1587661532300666
761	389.1	194.55	93.384	1587661532310802
762	389.6	194.8	93.504	1587661532321001
763	390.1	195.05	93.624	1587661532331113
764	390.6	195.3	93.744	1587661532341329
765	391.1	195.55	93.864	1587661532351458
766	391.6	195.8	93.984	1587661532361622
767	392.1	196.05	94.104	1587661532371788
768	392.65	196.325	94.236	1587661532381952
769	393.15	196.575	94.356	1587661532392108
770	393.65	196.825	94.476	1587661532402261
771	394.15	197.075	94.596	1587661532412445
772	394.65	197.325	94.716	1587661532422615
773	395.15	197.575	94.836	1587661532432778
774	395.7	197.85	94.968	1587661532442947
775	396.2	198.1	95.088	1587661532453142
776	396.7	198.35	95.208	1587661532463209
777	397.2	198.6	95.328	1587661532473455
778	397.7	198.85	95.448	1587661532483583
779	398.2	199.1	95.568	1587661532493749
780	398.75	199.375	95.7	1587661532503922
781	399.25	199.625	95.82	1587661532514062
782	399.75	199.875	95.94	1587661532524268
783	400.25	200.125	96.06	1587661532534429
784	400.75	200.375	96.18	1587661532544624
785	401.25	200.625	96.3	1587661532554836
786	401.8	200.9	96.432	1587661532564978
787	402.3	201.15	96.552	1587661532575131
788	402.8	201.4	96.672	1587661532585320
789	403.3	201.65	96.792	1587661532595473
790	403.8	201.9	96.912	1587661532605653
791	404.35	202.175	97.044	1587661532615782
792	404.85	202.425	97.164	1587661532625962
793	405.35	202.675	97.284	1587661532636174
794	405.85	202.925	97.404	1587661532646333
795	406.35	203.175	97.524	1587661532656541
796	406.85	203.425	97.644	1587661532666685
797	407.4	203.7	97.776	1587661532676851
798	407.9	203.95	97.896	1587661532687038
799	408.4	204.2	98.016	1587661532697200
800	408.9	204.45	98.136	1587661532707404
801	409.4	204.7	98.256	1587661532717585
802	409.9	204.95	98.376	1587661532727745
803	410.45	205.225	98.508	1587661532737909
804	410.95	205.475	98.628	1587661532748088
805	411.45	205.725	98.748	1587661532758276
806	411.95	205.975	98.868	1587661532768438
807	412.45	206.225	98.988	1587661532778611
808	412.95	206.475	99.108	1587661532788768
809	413.5	206.75	99.24	1587661532798961
810	414	207	99.36	1587661532809139
811	414.5	207.25	99.48	1587661532819262
812	415	207.5	99.6	1587661532829500
813	415.5	207.75	99.72	1587661532839655
814	416.05	208.025	99.852	1587661532849795
815	416.55	208.275	99.972	1587661532860026
816	417.05	208.525	100.092	1587661532870141
817	417.55	208.775	100.212	1587661532880350
818	418.05	209.025	100.332	1587661532890510
819	418.55	209.275	100.452	1587661532900679
820	419.1	209.55	100.584	1587661532910817
821	419.6	209.8	100.704	1587661532921021
822	420.1	210.05	100.824	1587661532931140
823	420.6	210.3	100.944	1587661532941379
824	421.1	210.55	101.064	1587661532951473
825	421.6	210.8	101.184	1587661532961693
826	422.15	211.075	101.316	1587661532971881
827	422.65	211.325	101.436	1587661532982021
828	423.15	211.575	101.556	1587661532992251
829	423.65	211.825	101.676	1587661533002405
830	424.15	212.075	101.796	1587661533012584
831	424.65	212.325	101.916	1587661533022760
832	425.2	212.6	102.048	1587661533032931
833	425.7	212.85	102.168	1587661533043087
834	426.2	213.1	102.288	1587661533053269
835	426.7	213.35	102.408	1587661533063399
836	427.2	213.6	102.528	1587661533073640
837	427.75	213.875	102.66	1587661533083802
838	428.25	214.125	102.78	1587661533093931
839	428.75	214.375	102.9	1587661533104157
840	429.25	214.625	103.02	1587661533114313
841	429.75	214.875	103.14	1587661533124486
842	430.25	215.125	103.26	1587661533134663
843	430.8	215.4	103.392	1587661533144831
844	431.3	215.65	103.512	1587661533155020
845	431.8	215.9	103.632	1587661533165204
846	432.3	216.15	103.752	1587661533175264
847	432.8	216.4	103.872	1587661533185531
848	433.3	216.65	103.992	1587661533195701
849	433.85	216.925	104.124	1587661533205825
850	434.35	217.175	104.244	1587661533216040
851	434.85	217.425	104.364	1587661533226175
852	435.35	217.675	104.484	1587661533236313
853	435.85	217.925	104.604	1587661533246542
854	436.35	218.175	104.724	1587661533256710
855	436.9	218.45	104.856	1587661533266926
856	437.4	218.7	104.976	1587661533277081
857	437.9	218.95	105.096	1587661533287191
858	438.4	219.2	105.216	1587661533297410
859	438.9	219.45	105.336	1587661533307568
860	439.4	219.7	105.456	1587661533317692
861	439.95	219.975	105.588	1587661533327911
862	440.45	220.225	105.708	1587661533338053
863	440.95	220.475	105.828	1587661533348271
864	441.45	220.725	105.948	1587661533358390
865	441.95	220.975	106.068	1587661533368644
866	442.45	221.225	106.188	1587661533378787
867	443	221.5	106.32	1587661533388945
868	443.5	221.75	106.44	1587661533399108
869	444	222	106.56	1587661533409293
870	444.5	222.25	106.68	1587661533419422
871	445	222.5	106.8	1587661533429622
872	445.5	222.75	106.92	1587661533439780
873	446.05	223.025	107.052	1587661533449954
874	446.55	223.275	107.172	1587661533460123
875	447.05	223.525	107.292	1587661533470317
876	447.55	223.775	107.412	1587661533480474
877	448.05	224.025	107.532	1587661533490649
878	448.6	224.3	107.664	1587661533500826
879	449.1	224.55	107.784	1587661533510983
880	449.6	224.8	107.904	1587661533521166
881	450.1	225.05	108.024	1587661533531278
882	450.6	225.3	108.144	1587661533541498
883	451.1	225.55	108.264	1587661533551661
884	451.65	225.825	108.396	1587661533561849
885	452.15	226.075	108.516	1587661533572035
886	452.65	226.325	108.636	1587661533582150
887	453.15	226.575	108.756	1587661533592360
888	453.65	226.825	108.876	1587661533602530
889	454.15	227.075	108.996	1587661533612698
890	454.7	227.35	109.128	1587661533622813
891	455.2	227.6	109.248	1587661533633045
892	455.7	227.85	109.368	1587661533643168
893	456.2	228.1	109.488	1587661533653379
894	456.7	228.35	109.608	1587661533663529
895	457.2	228.6	109.728	1587661533673755
896	457.75	228.875	109.86	1587661533683896
897	458.25	229.125	109.98	1587661533694037
898	458.75	229.375	110.1	1587661533704251
899	459.25	229.625	110.22	1587661533714404
900	459.75	229.875	110.34	1587661533724589
901	460.25	230.125	110.46	1587661533734757
902	460.8	230.4	110.592	1587661533744930
903	461.3	230.65	110.712	1587661533755090
904	461.8	230.9	110.832	1587661533765268
905	462.3	231.15	110.952	1587661533775470
906	462.8	231.4	111.072	1587661533785643
907	463.35	231.675	111.204	1587661533795820
908	463.85	231.925	111.324	1587661533805950
909	464.35	232.175	111.444	1587661533816162
910	464.85	232.425	111.564	1587661533826276
911	465.35	232.675	111.684	1587661533836493
912	465.85	232.925	111.804	1587661533846649
913	466.4	233.2	111.936	1587661533856849
914	466.9	233.45	112.056	1587661533867030
915	467.4	233.7	112.176	1587661533877224
916	467.9	233.95	112.296	1587661533887338
917	468.4	234.2	112.416	1587661533897541
918	468.9	234.45	112.536	1587661533907703
919	469.45	234.725	112.668	1587661533917853
920	469.95	234.975	112.788	1587661533928039
921	470.45	235.225	112.908	1587661533938193
922	471.45	235.725	113.148	1587661533958574
923	471.95	235.975	113.268	1587661533968739
924	472.5	236.25	113.4	1587661533978952
925	473	236.5	113.52	1587661533989594
926	473.55	236.775	113.652	1587661533999864
927	474.05	237.025	113.772	1587661534009965
928	474.55	237.275	113.892	1587661534020189
929	475.05	237.525	114.012	1587661534030333
930	475.55	237.775	114.132	1587661534040505
931	476.05	238.025	114.252	1587661534051508
932	476.55	238.275	114.372	1587661534060766
933	477.1	238.55	114.504	1587661534070928
934	477.6	238.8	114.624	1587661534081132
935	478.1	239.05	114.744	1587661534091246
936	478.6	239.3	114.864	1587661534101489
937	479.1	239.55	114.984	1587661534111615
938	479.65	239.825	115.116	1587661534121799
939	480.15	240.075	115.236	1587661534131997
940	480.65	240.325	115.356	1587661534142149
941	481.15	240.575	115.476	1587661534152728
942	481.65	240.825	115.596	1587661534162490
943	482.15	241.075	115.716	1587661534172686
944	482.7	241.35	115.848	1587661534182902
945	483.2	241.6	115.968	1587661534193058
946	483.7	241.85	116.088	1587661534203183
947	484.2	242.1	116.208	1587661534213406
948	484.7	242.35	116.328	1587661534223528
949	485.2	242.6	116.448	1587661534233728
950	485.75	242.875	116.58	1587661534243921
951	486.25	243.125	116.7	1587661534253935
952	486.75	243.375	116.82	1587661534264266
953	487.25	243.625	116.94	1587661534274421
954	487.75	243.875	117.06	1587661534284600
955	488.3	244.15	117.192	1587661534294783
956	488.8	244.4	117.312	1587661534304933
957	489.3	244.65	117.432	1587661534315092
958	489.8	244.9	117.552	1587661534325314
959	490.3	245.15	117.672	1587661534335413
960	490.8	245.4	117.792	1587661534345643
961	491.35	245.675	117.924	1587661534355831
962	491.85	245.925	118.044	1587661534365940
963	492.35	246.175	118.164	1587661534376175
964	492.85	246.425	118.284	1587661534386361
965	493.35	246.675	118.404	1587661534396535
966	493.85	246.925	118.524	1587661534406700
967	494.4	247.2	118.656	1587661534416873
968	494.9	247.45	118.776	1587661534427048
969	495.4	247.7	118.896	1587661534437223
970	495.9	247.95	119.016	1587661534447314
971	496.4	248.2	119.136	1587661534457598
972	496.9	248.45	119.256	1587661534467760
973	497.45	248.725	119.388	1587661534477903
974	497.95	248.975	119.508	1587661534488173
975	498.45	249.225	119.628	1587661534498259
976	498.95	249.475	119.748	1587661534508469
977	499.45	249.725	119.868	1587661534518636
978	500	250	120	1587661534528805
979	500.5	250.25	120.12	1587661534538991
980	501	250.5	120.24	1587661534549113
981	501.5	250.75	120.36	1587661534559248
982	502	251	120.48	1587661534569499
983	502.5	251.25	120.6	1587661534579660
984	503.05	251.525	120.732	1587661534589844
985	503.55	251.775	120.852	1587661534600015
986	504.05	252.025	120.972	1587661534610155
987	504.55	252.275	121.092	1587661534620360
988	505.05	252.525	121.212	1587661534630538
989	505.55	252.775	121.332	1587661534640705
990	506.1	253.05	121.464	1587661534650883
991	506.6	253.3	121.584	1587661534661049
992	507.1	253.55	121.704	1587661534671140
993	507.6	253.8	121.824	1587661534681392
994	508.1	254.05	121.944	1587661534691546
