1	1065.53	7863.12	9001.82	1587661524635565	-1	-1	1
2	1069.07	7926.25	9003.64	1587661524736729	1587661524737262	533	0
3	1072.6	7989.38	9005.45	1587661524837903	1587661524838427	524	0
4	1076.17	8053.12	9007.29	1587661524939121	1587661524939644	523	0
5	1079.71	8116.25	9009.11	1587661525040349	1587661525040868	519	0
6	1083.24	8179.38	9010.93	1587661525141576	1587661525142038	462	0
7	1086.78	8242.5	9012.74	1587661525242735	1587661525243199	464	0
8	1090.31	8305.62	9014.56	1587661525343893	1587661525344743	850	0
9	1093.88	8369.38	9016.4	1587661525445046	1587661525446393	1347	0
10	1097.42	8432.5	9018.22	1587661525546255	-1	-1	1
11	1100.95	8495.62	9020.03	1587661525647391	1587661525648715	1324	0
12	1104.49	8558.75	9021.85	1587661525748563	1587661525749166	603	0
13	1108.02	8621.88	9023.67	1587661525849744	1587661525850266	522	0
14	1111.56	8685	9025.49	1587661525950959	1587661525951484	525	0
15	1115.13	8748.75	9027.32	1587661526052145	1587661526052671	526	0
16	1118.66	8811.88	9029.14	1587661526153337	1587661526153848	511	0
17	1122.2	8875	9030.96	1587661526254558	1587661526255083	525	0
18	1125.73	8938.12	9032.78	1587661526355746	1587661526356301	555	0
19	1129.27	9001.25	9034.6	1587661526456945	1587661526457613	668	0
20	1132.84	9065	9036.43	1587661526558721	1587661526559282	561	0
21	1136.37	9128.12	9038.25	1587661526659930	1587661526660485	555	0
22	1139.94	9191.88	9040.09	1587661526761126	1587661526761707	581	0
23	1143.48	9255	9041.9	1587661526862347	1587661526862905	558	0
24	1147.01	9318.12	9043.72	1587661526963562	1587661526964122	560	0
25	1150.55	9381.25	9045.54	1587661527064712	1587661527065268	556	0
26	1154.08	9444.38	9047.36	1587661527165836	1587661527166369	533	0
27	1157.65	9508.12	9049.19	1587661527267044	1587661527267586	542	0
28	1161.19	9571.25	9051.01	1587661527368247	1587661527368861	614	0
29	1164.72	9634.38	9052.83	1587661527469394	1587661527470577	1183	0
30	1168.26	9697.5	9054.65	1587661527570564	-1	-1	1
31	1171.79	9760.62	9056.47	1587661527671718	-1	-1	1
32	1175.33	9823.75	9058.28	1587661527772866	1587661527774445	1579	0
33	1178.9	9887.5	9060.12	1587661527874060	1587661527874588	528	0
34	1182.43	9950.62	9061.94	1587661527975257	1587661527975752	495	0
35	1185.97	10013.8	9063.76	1587661528076445	1587661528076962	517	0
36	1189.5	10076.9	9065.57	1587661528177651	1587661528178110	459	0
37	1193.04	10140	9067.39	1587661528278896	1587661528279419	523	0
38	1196.61	10203.8	9069.23	1587661528380108	1587661528380593	485	0
39	1200.14	10266.9	9071.05	1587661528481321	1587661528481822	501	0
40	1203.68	10330	9072.86	1587661528582564	1587661528583053	489	0
41	1207.21	10393.1	9074.68	1587661528683767	1587661528684250	483	0
42	1210.75	10456.2	9076.5	1587661528784999	1587661528785446	447	0
43	1214.32	10520	9078.34	1587661528886183	1587661528886669	486	0
44	1217.85	10583.1	9080.15	1587661528987885	1587661528988252	367	0
45	1221.42	10646.9	9081.99	1587661529089113	1587661529089611	498	0
46	1224.96	10710	9083.81	1587661529190327	1587661529190810	483	0
47	1228.49	10773.1	9085.63	1587661529291558	1587661529292041	483	0
48	1232.03	10836.2	9087.44	1587661529392780	1587661529393236	456	0
49	1235.56	10899.4	9089.26	1587661529493959	1587661529494626	667	0
50	1239.13	10963.1	9091.1	1587661529595106	1587661529596317	1211	0
51	1242.67	11026.2	9092.92	1587661529696286	-1	-1	1
52	1246.2	11089.4	9094.73	1587661529797433	1587661529798729	1296	0
53	1249.74	11152.5	9096.55	1587661529898593	1587661529899097	504	0
54	1253.27	11215.6	9098.37	1587661529999802	1587661530000291	489	0
55	1256.84	11279.4	9100.21	1587661530101060	1587661530101546	486	0
56	1260.38	11342.5	9102.02	1587661530202256	1587661530202745	489	0
57	1263.91	11405.6	9103.84	1587661530303455	1587661530303945	490	0
58	1267.45	11468.8	9105.66	1587661530404685	1587661530405212	527	0
59	1270.98	11531.9	9107.48	1587661530505879	1587661530506399	520	0
60	1274.52	11595	9109.3	1587661530607035	1587661530607550	515	0
61	1278.09	11658.8	9111.13	1587661530708225	1587661530708741	516	0
62	1281.62	11721.9	9112.95	1587661530809431	1587661530809927	496	0
63	1285.16	11785	9114.77	1587661530910617	1587661530911133	516	0
64	1288.69	11848.1	9116.59	1587661531011812	1587661531012334	522	0
65	1292.23	11911.2	9118.4	1587661531113015	1587661531113526	511	0
66	1295.8	11975	9120.24	1587661531214203	1587661531214722	519	0
67	1299.33	12038.1	9122.06	1587661531315418	1587661531315942	524	0
68	1302.87	12101.2	9123.88	1587661531416622	1587661531417029	407	0
69	1306.44	12165	9125.71	1587661531518268	1587661531518683	415	0
70	1309.97	12228.1	9127.53	1587661531619430	1587661531620382	952	0
71	1313.51	12291.2	9129.35	1587661531720564	1587661531722134	1570	0
72	1317.04	12354.4	9131.17	1587661531821777	-1	-1	1
73	1320.58	12417.5	9132.98	1587661531922907	1587661531924452	1545	0
74	1324.15	12481.2	9134.82	1587661532024095	1587661532024576	481	0
75	1327.68	12544.4	9136.64	1587661532125333	1587661532125841	508	0
76	1331.22	12607.5	9138.46	1587661532226539	1587661532227072	533	0
77	1334.75	12670.6	9140.27	1587661532327748	1587661532328271	523	0
78	1338.29	12733.8	9142.09	1587661532428927	1587661532429410	483	0
79	1341.86	12797.5	9143.93	1587661532530114	1587661532530603	489	0
80	1345.39	12860.6	9145.75	1587661532631330	1587661532631851	521	0
81	1348.93	12923.8	9147.56	1587661532732579	1587661532733102	523	0
82	1352.46	12986.9	9149.38	1587661532833803	1587661532834320	517	0
83	1356.03	13050.6	9151.22	1587661532935069	1587661532935591	522	0
84	1359.57	13113.8	9153.04	1587661533036267	1587661533036791	524	0
85	1363.1	13176.9	9154.85	1587661533137494	1587661533137959	465	0
86	1366.64	13240	9156.67	1587661533238702	1587661533239226	524	0
87	1370.17	13303.1	9158.49	1587661533339916	1587661533340436	520	0
88	1373.74	13366.9	9160.33	1587661533441150	1587661533441674	524	0
89	1377.28	13430	9162.14	1587661533542340	1587661533542804	464	0
90	1380.81	13493.1	9163.96	1587661533643554	1587661533644313	759	0
91	1384.35	13556.2	9165.78	1587661533744696	1587661533746024	1328	0
92	1387.88	13619.4	9167.6	1587661533845856	-1	-1	1
93	1391.42	13682.5	9169.42	1587661533946996	1587661533948411	1415	0
94	1394.99	13746.2	9171.25	1587661534048626	1587661534049112	486	0
95	1398.52	13809.4	9173.07	1587661534149836	1587661534150361	525	0
96	1402.09	13873.1	9174.91	1587661534251059	1587661534251579	520	0
97	1405.63	13936.2	9176.72	1587661534352243	1587661534352770	527	0
98	1409.16	13999.4	9178.54	1587661534453433	1587661534453903	470	0
99	1412.7	14062.5	9180.36	1587661534554629	1587661534555157	528	0
100	1416.23	14125.6	9182.18	1587661534655819	1587661534656342	523	0
Total loss: 7
